1738141200.0,41.1432,11.862
1738142100.0,24.1927,6.6209
1738143000.0,29.7324,24.9678
1738143900.0,8.6093,0.0
1738144800.0,0.0,17.6421
1738145700.0,0.0,22.0196
1738146600.0,26.9339,2.342
1738147500.0,33.6688,0.7956
1738148400.0,21.1571,10.148
1738149300.0,13.2583,24.4402
1738150200.0,29.3166,36.9619
1738151100.0,27.8601,13.3051
1738152000.0,14.1337,1.7194
1738152900.0,21.6337,10.9883
1738153800.0,15.2731,14.7321
1738154700.0,18.9603,15.8213
1738155600.0,14.1904,26.8669
1738156500.0,24.6555,13.303
1738157400.0,16.0364,10.245
1738158300.0,27.1582,9.3404
1738159200.0,14.2266,0.9293
1738160100.0,32.3112,0.0
1738161000.0,15.0545,15.5214
1738161900.0,37.2836,0.1935
1738162800.0,31.5403,9.8727
1738163700.0,35.453,23.81
1738164600.0,19.6792,3.826
1738165500.0,37.1384,15.7638
1738166400.0,9.4364,13.5555
1738167300.0,18.9967,17.9604
1738168200.0,15.5484,6.7673
1738169100.0,13.1613,10.786
1738170000.0,0.0,1.0557
1738170900.0,24.4466,3.1517
1738171800.0,24.8044,0.0
1738172700.0,0.0,22.2365
1738173600.0,22.6189,17.4184
1738174500.0,23.2218,20.4876
1738175400.0,21.5155,13.4186
1738176300.0,9.0002,5.0691
1738177200.0,11.0218,15.5248
1738178100.0,11.1807,36.8508
1738179000.0,19.9408,0.0927
1738179900.0,8.7806,27.3148
1738180800.0,33.4256,5.3637
1738181700.0,30.4514,0.0
1738182600.0,24.9508,5.2189
1738183500.0,23.674,0.0
1738184400.0,26.5116,0.0
1738185300.0,22.0905,0.0
1738186200.0,14.3679,20.2431
1738187100.0,23.5588,17.4335
1738188000.0,29.2404,11.4671
1738188900.0,13.4995,17.9676
1738189800.0,9.9494,25.7128
1738190700.0,15.4428,11.9549
1738191600.0,16.6469,5.7476
1738192500.0,16.1532,17.568
1738193400.0,24.0417,18.1454
1738194300.0,16.6237,19.5394
1738195200.0,32.5178,2.1408
1738196100.0,24.5955,7.8604
1738197000.0,15.4177,10.2482
1738197900.0,19.5547,15.5882
1738198800.0,0.0,14.1685
1738199700.0,17.8901,32.468
1738200600.0,29.6877,0.0
1738201500.0,13.7821,9.7275
1738202400.0,26.9124,16.7609
1738203300.0,13.7141,9.7094
1738204200.0,38.6148,10.6114
1738205100.0,28.8632,0.0
1738206000.0,27.9464,11.028
1738206900.0,14.5423,18.2251
1738207800.0,16.9818,18.755
1738208700.0,30.4488,17.4012
1738209600.0,43.6073,16.9432
1738210500.0,31.6934,24.7676
1738211400.0,23.0061,0.0
1738212300.0,31.4365,2.7167
1738213200.0,16.7246,0.0
1738214100.0,10.1625,6.1073
1738215000.0,32.2908,19.4492
1738215900.0,9.6406,6.8085
1738216800.0,22.9922,6.2591
1738217700.0,35.5214,7.3271
1738218600.0,27.3593,0.0
1738219500.0,21.968,6.9621
1738220400.0,13.8088,10.7879
1738221300.0,24.2131,14.6997
1738222200.0,7.6898,8.7138
1738223100.0,15.5589,12.1192
1738224000.0,42.5909,31.6938
1738224900.0,9.3814,9.3951
1738225800.0,14.8889,34.1763
1738226700.0,29.6743,15.2652
1738227600.0,26.3262,16.4367
1738228500.0,44.4493,0.0
1738229400.0,17.6583,0.0
1738230300.0,26.0975,14.8879
1738231200.0,27.9381,7.806
1738232100.0,38.3318,11.2571
1738233000.0,32.4982,2.0989
1738233900.0,16.4984,4.9121
1738234800.0,20.3921,0.0
1738235700.0,26.6433,15.3704
1738236600.0,21.5729,4.6447
1738237500.0,10.9088,19.655
1738238400.0,19.4953,2.7083
1738239300.0,17.6915,22.748
1738240200.0,14.394,16.4566
1738241100.0,6.5528,1.1606
1738242000.0,25.0756,24.2276
1738242900.0,17.1004,4.783
1738243800.0,25.0836,18.5729
1738244700.0,10.19,7.7366
1738245600.0,27.8824,0.0
1738246500.0,7.8298,24.2633
1738247400.0,4.1654,13.8488
1738248300.0,17.2656,12.5252
1738249200.0,18.9138,26.8557
1738250100.0,29.1592,15.2774
1738251000.0,6.1617,7.4415
1738251900.0,0.0,12.5911
1738252800.0,48.6962,0.0
1738253700.0,12.1691,27.7186
1738254600.0,4.7629,0.0
1738255500.0,4.4421,7.5334
1738256400.0,15.1202,0.0
1738257300.0,11.9027,19.2426
1738258200.0,5.7986,22.5535
1738259100.0,30.3997,3.5969
1738260000.0,32.741,7.531
1738260900.0,4.3199,0.6267
1738261800.0,31.4717,11.7937
1738262700.0,33.2829,20.857
1738263600.0,29.9477,12.664
1738264500.0,9.2406,4.1067
1738265400.0,12.5418,23.4284
1738266300.0,39.1785,23.3554
1738267200.0,21.7693,0.1532
1738268100.0,21.0228,0.0
1738269000.0,0.0,18.7787
1738269900.0,5.7513,14.4098
1738270800.0,12.8306,0.0
1738271700.0,25.7629,18.3435
1738272600.0,36.4765,0.0
1738273500.0,20.5588,14.8471
1738274400.0,27.8356,29.4083
1738275300.0,6.3022,7.805
1738276200.0,19.4275,12.4005
1738277100.0,3.9383,0.0
1738278000.0,12.4245,0.0
1738278900.0,39.6123,0.5614
1738279800.0,6.5831,8.4847
1738280700.0,15.6126,12.8356
1738281600.0,27.5541,17.7693
1738282500.0,27.559,14.9696
1738283400.0,6.1471,9.8993
1738284300.0,23.5471,0.0
1738285200.0,6.6446,10.9977
1738286100.0,21.2228,28.6218
1738287000.0,17.8367,4.8161
1738287900.0,42.1618,0.7226
1738288800.0,26.6188,3.4107
1738289700.0,40.3785,9.4306
1738290600.0,29.6867,20.9373
1738291500.0,22.4622,0.0
1738292400.0,13.7539,15.9805
1738293300.0,26.5672,0.0
1738294200.0,19.8186,18.2943
1738295100.0,19.0364,18.2154
1738296000.0,15.9415,7.4389
1738296900.0,29.3168,1.8671
1738297800.0,18.8165,10.2681
1738298700.0,14.4441,12.0958
1738299600.0,27.3028,4.7131
1738300500.0,26.3082,0.0
1738301400.0,20.0873,21.2923
1738302300.0,10.7966,21.8659
1738303200.0,15.6671,24.7086
1738304100.0,37.9822,15.1709
1738305000.0,14.2191,16.855
1738305900.0,24.6706,11.0042
1738306800.0,28.7405,9.7844
1738307700.0,13.4956,14.4134
1738308600.0,26.2962,3.4265
1738309500.0,19.7353,18.4135
1738310400.0,20.4653,0.0
1738311300.0,0.0,4.7186
1738312200.0,26.0754,11.4081
1738313100.0,16.9499,12.9347
1738314000.0,18.0399,16.4352
1738314900.0,21.4269,0.0
1738315800.0,18.4853,6.8765
1738316700.0,19.1034,14.7213
1738317600.0,24.069,10.9833
1738318500.0,16.9523,15.5372
1738319400.0,3.3342,32.0961
1738320300.0,18.9298,8.3421
1738321200.0,30.4573,15.8729
1738322100.0,0.0,0.0
1738323000.0,9.1249,12.8003
1738323900.0,21.2784,33.6414
1738324800.0,8.6698,3.6581
1738325700.0,17.9735,8.0654
1738326600.0,18.8553,6.5774
1738327500.0,20.3952,12.087
1738328400.0,22.3226,10.6974
1738329300.0,18.2264,0.0
1738330200.0,23.534,31.0913
1738331100.0,32.6205,24.4454
1738332000.0,29.9797,13.0206
1738332900.0,23.897,6.4577
1738333800.0,25.9684,0.0
1738334700.0,21.6263,19.9926
1738335600.0,12.5488,10.789
1738336500.0,9.8672,24.7597
1738337400.0,12.1355,4.8222
1738338300.0,18.2225,5.0022
1738339200.0,9.6273,22.7812
1738340100.0,16.9286,11.9673
1738341000.0,20.3185,0.0
1738341900.0,16.3489,10.232
1738342800.0,19.3371,17.8869
1738343700.0,0.0,0.0
1738344600.0,17.1024,0.0
1738345500.0,19.8828,16.0292
1738346400.0,23.1335,9.183
1738347300.0,16.4371,0.0
1738348200.0,30.7547,13.3789
1738349100.0,36.1591,5.1961
1738350000.0,3.832,19.1749
1738350900.0,7.0609,12.8715
1738351800.0,15.8742,0.0
1738352700.0,17.4753,6.4968
1738353600.0,25.2471,8.0065
1738354500.0,24.7119,18.541
1738355400.0,23.7048,5.4739
1738356300.0,7.7255,0.0
1738357200.0,1.3702,3.3652
1738358100.0,24.7547,14.9752
1738359000.0,37.1897,13.4197
1738359900.0,28.9995,3.6035
1738360800.0,18.3613,19.6227
1738361700.0,14.5476,4.2234
1738362600.0,19.2941,1.6482
1738363500.0,28.4496,0.0
1738364400.0,18.7423,16.2662
1738365300.0,0.0,15.4092
1738366200.0,20.4688,18.7689
1738367100.0,28.8103,24.4289
1738368000.0,27.1465,11.482
1738368900.0,39.3743,12.02
1738369800.0,34.388,0.0
1738370700.0,18.5802,11.8084
1738371600.0,39.061,2.2387
1738372500.0,22.4608,15.6576
1738373400.0,22.3586,6.1199
1738374300.0,18.4758,10.2903
1738375200.0,42.085,18.8258
1738376100.0,26.8278,0.0
1738377000.0,18.8221,20.5774
1738377900.0,19.7689,18.6198
1738378800.0,22.949,7.224
1738379700.0,2.4944,0.2082
1738380600.0,35.8857,0.0
1738381500.0,22.4812,3.0851
1738382400.0,25.2519,16.221
1738383300.0,9.7414,0.0
1738384200.0,16.9578,21.4877
1738385100.0,1.486,1.8722
1738386000.0,10.056,7.7206
1738386900.0,19.6714,0.0
1738387800.0,21.1683,14.6997
1738388700.0,12.2426,23.2931
1738389600.0,0.0,12.3276
1738390500.0,27.1056,0.0
1738391400.0,38.9528,12.6897
1738392300.0,0.0,26.924
1738393200.0,29.1874,15.0061
1738394100.0,14.7669,1.4918
1738395000.0,30.5173,10.9488
1738395900.0,33.9227,30.9721
1738396800.0,26.7166,5.2073
1738397700.0,44.8247,12.6488
1738398600.0,17.1716,12.1071
1738399500.0,23.3415,14.8331
1738400400.0,9.1734,9.9341
1738401300.0,14.1733,5.2761
1738402200.0,12.7281,33.6806
1738403100.0,26.3119,31.0612
1738404000.0,22.1937,13.3426
1738404900.0,0.0,1.5194
1738405800.0,24.6913,9.4369
1738406700.0,28.2144,13.3892
1738407600.0,13.9573,0.0
1738408500.0,29.3989,7.1001
1738409400.0,34.1925,9.8738
1738410300.0,6.3497,4.4774
1738411200.0,7.4273,15.5571
1738412100.0,19.6746,7.3701
1738413000.0,22.8119,13.621
1738413900.0,25.4538,8.8264
1738414800.0,15.4031,11.0646
1738415700.0,11.8366,2.2574
1738416600.0,33.627,12.8099
1738417500.0,48.2498,6.0311
1738418400.0,15.045,18.0709
1738419300.0,22.2699,10.2814
1738420200.0,19.2858,2.6247
1738421100.0,25.3645,2.1728
1738422000.0,16.938,11.3432
1738422900.0,13.8897,7.5635
1738423800.0,23.0524,0.0
1738424700.0,0.0,30.9475
1738425600.0,5.4831,0.4487
1738426500.0,17.2138,7.4891
1738427400.0,20.3669,3.5132
1738428300.0,16.32,17.6045
1738429200.0,18.8707,11.4087
1738430100.0,29.9632,8.9147
1738431000.0,16.9932,0.0
1738431900.0,43.7442,10.2025
1738432800.0,13.3964,17.0377
1738433700.0,9.1969,9.169
1738434600.0,26.4295,9.6286
1738435500.0,20.1032,8.8412
1738436400.0,12.3729,3.3515
1738437300.0,26.8739,0.0
1738438200.0,13.3091,8.0553
1738439100.0,26.3977,21.9923
1738440000.0,23.9303,7.1861
1738440900.0,16.7962,20.5678
1738441800.0,5.4706,10.6022
1738442700.0,25.8039,15.275
1738443600.0,17.6993,3.4635
1738444500.0,16.0362,5.3434
1738445400.0,25.0825,3.4826
1738446300.0,16.6257,0.0
1738447200.0,6.5992,24.7244
1738448100.0,18.8522,13.6097
1738449000.0,20.0347,0.0
1738449900.0,10.1038,13.3062
1738450800.0,30.5516,4.3648
1738451700.0,29.403,12.5139
1738452600.0,25.6884,5.2192
1738453500.0,7.0562,6.1398
1738454400.0,13.0883,11.3224
1738455300.0,22.1398,8.0204
1738456200.0,31.3506,2.8592
1738457100.0,33.1756,9.9159
1738458000.0,19.2154,28.8071
1738458900.0,19.5733,10.5749
1738459800.0,27.1345,10.6898
1738460700.0,12.2426,14.3414
1738461600.0,12.3238,6.2706
1738462500.0,7.5863,3.5868
1738463400.0,28.4834,5.5961
1738464300.0,18.23,2.2072
1738465200.0,14.4492,2.1867
1738466100.0,28.4527,0.0
1738467000.0,34.5527,20.3617
1738467900.0,22.0463,10.3148
1738468800.0,15.7345,14.5802
1738469700.0,27.5256,18.6805
1738470600.0,12.4021,10.5328
1738471500.0,38.438,17.3469
1738472400.0,30.2788,10.0065
1738473300.0,28.9127,0.0
1738474200.0,6.6539,8.6909
1738475100.0,23.6985,6.1401
1738476000.0,17.7694,0.0
1738476900.0,19.6709,14.5128
1738477800.0,5.483,0.0
1738478700.0,33.8505,0.0
1738479600.0,24.5415,0.0
1738480500.0,20.9819,22.3656
1738481400.0,17.4458,6.9123
1738482300.0,33.5739,18.221
1738483200.0,23.9191,9.0837
1738484100.0,39.6969,1.6248
1738485000.0,31.2121,22.6045
1738485900.0,8.4599,21.5573
1738486800.0,5.3563,2.1524
1738487700.0,6.8424,16.857
1738488600.0,18.2558,8.682
1738489500.0,44.3517,16.4087
1738490400.0,31.5303,13.0663
1738491300.0,21.4054,9.4224
1738492200.0,35.0628,1.8455
1738493100.0,12.1651,20.5427
1738494000.0,17.8149,14.243
1738494900.0,31.7324,9.4117
1738495800.0,20.4029,16.4749
1738496700.0,17.861,15.9046
1738497600.0,22.23,7.3347
1738498500.0,2.1607,21.218
1738499400.0,10.0939,7.2962
1738500300.0,18.2637,28.3429
1738501200.0,18.1338,0.1365
1738502100.0,30.7022,17.8879
1738503000.0,14.4201,7.0803
1738503900.0,12.0686,16.5527
1738504800.0,31.6,0.3735
1738505700.0,16.5558,0.0465
1738506600.0,25.0201,15.7681
1738507500.0,17.1082,0.0
1738508400.0,2.9253,11.0601
1738509300.0,13.165,11.7511
1738510200.0,16.2507,13.618
1738511100.0,15.1598,0.0
1738512000.0,13.2327,7.606
1738512900.0,15.9262,23.0306
1738513800.0,12.8632,37.335
1738514700.0,21.57,2.2792
1738515600.0,37.1924,0.0
1738516500.0,6.7514,10.5593
1738517400.0,12.4682,0.0
1738518300.0,21.1647,21.1502
1738519200.0,23.5416,0.0
1738520100.0,27.8098,10.4205
1738521000.0,4.7806,37.7371
1738521900.0,49.3068,10.4322
1738522800.0,32.4419,18.8902
1738523700.0,10.6393,21.8289
1738524600.0,28.1526,39.1308
1738525500.0,39.6845,10.7081
1738526400.0,30.7995,0.0
1738527300.0,26.0782,0.0
1738528200.0,18.8489,20.8029
1738529100.0,20.1175,16.7698
1738530000.0,16.1305,28.3675
1738530900.0,14.4855,0.0
1738531800.0,14.1163,21.1216
1738532700.0,15.785,0.0
1738533600.0,24.9345,6.4545
1738534500.0,11.6755,1.3511
1738535400.0,16.1506,15.7934
1738536300.0,17.7189,16.3154
