41.1432,11.8620
24.1927,6.6209
29.7324,24.9678
8.6093,0.0000
0.0000,17.6421
0.0000,22.0196
26.9339,2.3420
33.6688,0.7956
21.1571,10.1480
13.2583,24.4402
29.3166,36.9619
27.8601,13.3051
14.1337,1.7194
21.6337,10.9883
15.2731,14.7321
18.9603,15.8213
14.1904,26.8669
24.6555,13.3030
16.0364,10.2450
27.1582,9.3404
14.2266,0.9293
32.3112,0.0000
15.0545,15.5214
37.2836,0.1935
31.5403,9.8727
35.4530,23.8100
19.6792,3.8260
37.1384,15.7638
9.4364,13.5555
18.9967,17.9604
15.5484,6.7673
13.1613,10.7860
0.0000,1.0557
24.4466,3.1517
24.8044,0.0000
0.0000,22.2365
22.6189,17.4184
23.2218,20.4876
21.5155,13.4186
9.0002,5.0691
11.0218,15.5248
11.1807,36.8508
19.9408,0.0927
8.7806,27.3148
33.4256,5.3637
30.4514,0.0000
24.9508,5.2189
23.6740,0.0000
26.5116,0.0000
22.0905,0.0000
14.3679,20.2431
23.5588,17.4335
29.2404,11.4671
13.4995,17.9676
9.9494,25.7128
15.4428,11.9549
16.6469,5.7476
16.1532,17.5680
24.0417,18.1454
16.6237,19.5394
32.5178,2.1408
24.5955,7.8604
15.4177,10.2482
19.5547,15.5882
0.0000,14.1685
17.8901,32.4680
29.6877,0.0000
13.7821,9.7275
26.9124,16.7609
13.7141,9.7094
38.6148,10.6114
28.8632,0.0000
27.9464,11.0280
14.5423,18.2251
16.9818,18.7550
30.4488,17.4012
43.6073,16.9432
31.6934,24.7676
23.0061,0.0000
31.4365,2.7167
16.7246,0.0000
10.1625,6.1073
32.2908,19.4492
9.6406,6.8085
22.9922,6.2591
35.5214,7.3271
27.3593,0.0000
21.9680,6.9621
13.8088,10.7879
24.2131,14.6997
7.6898,8.7138
15.5589,12.1192
42.5909,31.6938
9.3814,9.3951
14.8889,34.1763
29.6743,15.2652
26.3262,16.4367
44.4493,0.0000
17.6583,0.0000
26.0975,14.8879
27.9381,7.8060
38.3318,11.2571
32.4982,2.0989
16.4984,4.9121
20.3921,0.0000
26.6433,15.3704
21.5729,4.6447
10.9088,19.6550
19.4953,2.7083
17.6915,22.7480
14.3940,16.4566
6.5528,1.1606
25.0756,24.2276
17.1004,4.7830
25.0836,18.5729
10.1900,7.7366
27.8824,0.0000
7.8298,24.2633
4.1654,13.8488
17.2656,12.5252
18.9138,26.8557
29.1592,15.2774
6.1617,7.4415
0.0000,12.5911
48.6962,0.0000
12.1691,27.7186
4.7629,0.0000
4.4421,7.5334
15.1202,0.0000
11.9027,19.2426
5.7986,22.5535
30.3997,3.5969
32.7410,7.5310
4.3199,0.6267
31.4717,11.7937
33.2829,20.8570
29.9477,12.6640
9.2406,4.1067
12.5418,23.4284
39.1785,23.3554
21.7693,0.1532
21.0228,0.0000
0.0000,18.7787
5.7513,14.4098
12.8306,0.0000
25.7629,18.3435
36.4765,0.0000
20.5588,14.8471
27.8356,29.4083
6.3022,7.8050
19.4275,12.4005
3.9383,0.0000
12.4245,0.0000
39.6123,0.5614
6.5831,8.4847
15.6126,12.8356
27.5541,17.7693
27.5590,14.9696
6.1471,9.8993
23.5471,0.0000
6.6446,10.9977
21.2228,28.6218
17.8367,4.8161
42.1618,0.7226
26.6188,3.4107
40.3785,9.4306
29.6867,20.9373
22.4622,0.0000
13.7539,15.9805
26.5672,0.0000
19.8186,18.2943
19.0364,18.2154
15.9415,7.4389
29.3168,1.8671
18.8165,10.2681
14.4441,12.0958
27.3028,4.7131
26.3082,0.0000
20.0873,21.2923
10.7966,21.8659
15.6671,24.7086
37.9822,15.1709
14.2191,16.8550
24.6706,11.0042
28.7405,9.7844
13.4956,14.4134
26.2962,3.4265
19.7353,18.4135
20.4653,0.0000
0.0000,4.7186
26.0754,11.4081
16.9499,12.9347
18.0399,16.4352
21.4269,0.0000
18.4853,6.8765
19.1034,14.7213
24.0690,10.9833
16.9523,15.5372
3.3342,32.0961
18.9298,8.3421
30.4573,15.8729
0.0000,0.0000
9.1249,12.8003
21.2784,33.6414
8.6698,3.6581
17.9735,8.0654
18.8553,6.5774
20.3952,12.0870
22.3226,10.6974
18.2264,0.0000
23.5340,31.0913
32.6205,24.4454
29.9797,13.0206
23.8970,6.4577
25.9684,0.0000
21.6263,19.9926
12.5488,10.7890
9.8672,24.7597
12.1355,4.8222
18.2225,5.0022
9.6273,22.7812
16.9286,11.9673
20.3185,0.0000
16.3489,10.2320
19.3371,17.8869
0.0000,0.0000
17.1024,0.0000
19.8828,16.0292
23.1335,9.1830
16.4371,0.0000
30.7547,13.3789
36.1591,5.1961
3.8320,19.1749
7.0609,12.8715
15.8742,0.0000
17.4753,6.4968
25.2471,8.0065
24.7119,18.5410
23.7048,5.4739
7.7255,0.0000
1.3702,3.3652
24.7547,14.9752
37.1897,13.4197
28.9995,3.6035
18.3613,19.6227
14.5476,4.2234
19.2941,1.6482
28.4496,0.0000
18.7423,16.2662
0.0000,15.4092
20.4688,18.7689
28.8103,24.4289
27.1465,11.4820
39.3743,12.0200
34.3880,0.0000
18.5802,11.8084
39.0610,2.2387
22.4608,15.6576
22.3586,6.1199
18.4758,10.2903
42.0850,18.8258
26.8278,0.0000
18.8221,20.5774
19.7689,18.6198
22.9490,7.2240
2.4944,0.2082
35.8857,0.0000
22.4812,3.0851
25.2519,16.2210
9.7414,0.0000
16.9578,21.4877
1.4860,1.8722
10.0560,7.7206
19.6714,0.0000
21.1683,14.6997
12.2426,23.2931
0.0000,12.3276
27.1056,0.0000
38.9528,12.6897
0.0000,26.9240
29.1874,15.0061
14.7669,1.4918
30.5173,10.9488
33.9227,30.9721
26.7166,5.2073
44.8247,12.6488
17.1716,12.1071
23.3415,14.8331
9.1734,9.9341
14.1733,5.2761
12.7281,33.6806
26.3119,31.0612
22.1937,13.3426
0.0000,1.5194
24.6913,9.4369
28.2144,13.3892
13.9573,0.0000
29.3989,7.1001
34.1925,9.8738
6.3497,4.4774
7.4273,15.5571
19.6746,7.3701
22.8119,13.6210
25.4538,8.8264
15.4031,11.0646
11.8366,2.2574
33.6270,12.8099
48.2498,6.0311
15.0450,18.0709
22.2699,10.2814
19.2858,2.6247
25.3645,2.1728
16.9380,11.3432
13.8897,7.5635
23.0524,0.0000
0.0000,30.9475
5.4831,0.4487
17.2138,7.4891
20.3669,3.5132
16.3200,17.6045
18.8707,11.4087
29.9632,8.9147
16.9932,0.0000
43.7442,10.2025
13.3964,17.0377
9.1969,9.1690
26.4295,9.6286
20.1032,8.8412
12.3729,3.3515
26.8739,0.0000
13.3091,8.0553
26.3977,21.9923
23.9303,7.1861
16.7962,20.5678
5.4706,10.6022
25.8039,15.2750
17.6993,3.4635
16.0362,5.3434
25.0825,3.4826
16.6257,0.0000
6.5992,24.7244
18.8522,13.6097
20.0347,0.0000
10.1038,13.3062
30.5516,4.3648
29.4030,12.5139
25.6884,5.2192
7.0562,6.1398
13.0883,11.3224
22.1398,8.0204
31.3506,2.8592
33.1756,9.9159
19.2154,28.8071
19.5733,10.5749
27.1345,10.6898
12.2426,14.3414
12.3238,6.2706
7.5863,3.5868
28.4834,5.5961
18.2300,2.2072
14.4492,2.1867
28.4527,0.0000
34.5527,20.3617
22.0463,10.3148
15.7345,14.5802
27.5256,18.6805
12.4021,10.5328
38.4380,17.3469
30.2788,10.0065
28.9127,0.0000
6.6539,8.6909
23.6985,6.1401
17.7694,0.0000
19.6709,14.5128
5.4830,0.0000
33.8505,0.0000
24.5415,0.0000
20.9819,22.3656
17.4458,6.9123
33.5739,18.2210
23.9191,9.0837
39.6969,1.6248
31.2121,22.6045
8.4599,21.5573
5.3563,2.1524
6.8424,16.8570
18.2558,8.6820
44.3517,16.4087
31.5303,13.0663
21.4054,9.4224
35.0628,1.8455
12.1651,20.5427
17.8149,14.2430
31.7324,9.4117
20.4029,16.4749
17.8610,15.9046
22.2300,7.3347
2.1607,21.2180
10.0939,7.2962
18.2637,28.3429
18.1338,0.1365
30.7022,17.8879
14.4201,7.0803
12.0686,16.5527
31.6000,0.3735
16.5558,0.0465
25.0201,15.7681
17.1082,0.0000
2.9253,11.0601
13.1650,11.7511
16.2507,13.6180
15.1598,0.0000
13.2327,7.6060
15.9262,23.0306
12.8632,37.3350
21.5700,2.2792
37.1924,0.0000
6.7514,10.5593
12.4682,0.0000
21.1647,21.1502
23.5416,0.0000
27.8098,10.4205
4.7806,37.7371
49.3068,10.4322
32.4419,18.8902
10.6393,21.8289
28.1526,39.1308
39.6845,10.7081
30.7995,0.0000
26.0782,0.0000
18.8489,20.8029
20.1175,16.7698
16.1305,28.3675
14.4855,0.0000
14.1163,21.1216
15.7850,0.0000
24.9345,6.4545
11.6755,1.3511
16.1506,15.7934
17.7189,16.3154
