1738141200.0,16.0371,16.4494
1738142100.0,22.3023,4.7379
1738143000.0,21.3678,0.0
1738143900.0,23.4284,27.691
1738144800.0,23.8806,0.0
1738145700.0,28.3956,0.0
1738146600.0,14.5116,10.5092
1738147500.0,16.4671,24.6355
1738148400.0,28.828,6.0286
1738149300.0,14.7697,18.8273
1738150200.0,5.9447,0.0
1738151100.0,33.2435,8.3258
1738152000.0,14.5349,0.0
1738152900.0,26.9905,7.6912
1738153800.0,28.5124,19.8903
1738154700.0,26.7372,16.7412
1738155600.0,25.3208,11.1098
1738156500.0,33.5911,9.7501
1738157400.0,31.1776,12.6532
1738158300.0,27.5406,1.4616
1738159200.0,8.5997,0.0
1738160100.0,1.3618,0.0
1738161000.0,32.3386,10.7337
1738161900.0,17.9831,12.8842
1738162800.0,6.3919,2.3527
1738163700.0,11.1934,0.9612
1738164600.0,15.3541,20.835
1738165500.0,19.8692,13.3463
1738166400.0,25.2958,9.0748
1738167300.0,26.0526,0.0
1738168200.0,38.583,4.8558
1738169100.0,31.1963,7.596
1738170000.0,22.6797,23.5092
1738170900.0,18.2594,10.5818
1738171800.0,19.8717,33.6161
1738172700.0,29.4687,6.0024
1738173600.0,28.4627,13.4393
1738174500.0,35.0885,21.0741
1738175400.0,18.7764,0.0
1738176300.0,29.6657,7.3918
1738177200.0,22.9586,12.1984
1738178100.0,14.4329,22.7125
1738179000.0,11.0599,36.515
1738179900.0,12.7118,9.3722
1738180800.0,31.7883,3.9327
1738181700.0,40.618,5.4817
1738182600.0,19.6765,22.5088
1738183500.0,5.116,0.0
1738184400.0,41.7599,5.0135
1738185300.0,20.6072,19.264
1738186200.0,0.0,0.0
1738187100.0,34.7849,8.6763
1738188000.0,26.4058,16.8383
1738188900.0,3.0029,8.1682
1738189800.0,12.4898,12.1422
1738190700.0,32.6969,16.545
1738191600.0,34.7667,16.7393
1738192500.0,15.2161,2.201
1738193400.0,17.5303,17.2725
1738194300.0,35.404,15.6751
1738195200.0,13.0827,34.1656
1738196100.0,11.5126,4.3219
1738197000.0,18.2521,0.0
1738197900.0,25.2328,0.9799
1738198800.0,21.6904,0.0
1738199700.0,19.2142,0.0
1738200600.0,7.2231,8.4948
1738201500.0,27.144,23.8428
1738202400.0,9.2802,9.8354
1738203300.0,0.0,16.6784
1738204200.0,24.1262,2.3328
1738205100.0,11.6612,14.0762
1738206000.0,19.0268,0.0
1738206900.0,13.0759,6.8968
1738207800.0,0.0,20.6077
1738208700.0,27.6901,10.1983
1738209600.0,21.3411,9.3936
1738210500.0,14.6129,36.6016
1738211400.0,19.4155,23.8939
1738212300.0,33.8481,3.6136
1738213200.0,18.4391,27.1889
1738214100.0,32.0207,19.8624
1738215000.0,27.4922,11.2771
1738215900.0,23.1827,10.5148
1738216800.0,13.8353,0.0
1738217700.0,29.6023,15.5876
1738218600.0,7.7027,20.5923
1738219500.0,7.9356,0.0
1738220400.0,31.3094,1.7902
1738221300.0,35.7271,0.0
1738222200.0,32.0333,19.4561
1738223100.0,5.8503,21.057
1738224000.0,29.6327,0.0
1738224900.0,19.5478,16.6734
1738225800.0,28.6631,17.8305
1738226700.0,29.309,14.9905
1738227600.0,17.4374,7.9792
1738228500.0,13.5021,16.9847
1738229400.0,32.4081,9.2106
1738230300.0,28.6541,6.6001
1738231200.0,13.3541,21.6746
1738232100.0,4.0715,11.582
1738233000.0,22.2488,21.9378
1738233900.0,5.6692,0.0
1738234800.0,14.6492,15.2368
1738235700.0,11.34,25.4826
1738236600.0,0.0,20.6432
1738237500.0,27.4225,7.6443
1738238400.0,19.8889,24.6026
1738239300.0,15.0133,9.7762
1738240200.0,19.7104,0.0
1738241100.0,30.9053,26.6985
1738242000.0,32.5864,0.0
1738242900.0,19.172,15.2186
1738243800.0,14.8998,4.4037
1738244700.0,27.2798,1.4639
1738245600.0,8.1838,0.8913
1738246500.0,20.1027,3.3878
1738247400.0,4.7397,0.0
1738248300.0,35.2998,0.0
1738249200.0,26.6799,21.3547
1738250100.0,0.0,18.0487
1738251000.0,14.483,10.8515
1738251900.0,22.8339,21.4383
1738252800.0,6.7029,12.6236
1738253700.0,17.5293,27.4838
1738254600.0,18.6019,8.7748
1738255500.0,25.2825,0.0
1738256400.0,25.1474,0.0
1738257300.0,23.676,31.5539
1738258200.0,36.1328,11.5379
1738259100.0,11.0714,0.0
1738260000.0,35.7774,27.5814
1738260900.0,0.7942,23.475
1738261800.0,9.2458,18.7583
1738262700.0,25.8071,4.3463
1738263600.0,10.4069,20.7975
1738264500.0,20.5447,25.7253
1738265400.0,11.1414,13.0895
1738266300.0,25.212,12.2084
1738267200.0,27.8219,24.8497
1738268100.0,6.9075,11.7973
1738269000.0,12.5594,23.1458
1738269900.0,23.0112,2.3739
1738270800.0,27.5528,4.4403
1738271700.0,29.2585,9.5751
1738272600.0,4.593,0.0
1738273500.0,5.2099,17.4833
1738274400.0,17.6654,9.2643
1738275300.0,24.8915,4.3079
1738276200.0,11.6379,8.3319
1738277100.0,18.4365,7.5519
1738278000.0,20.4571,16.5413
1738278900.0,4.3996,0.0
1738279800.0,24.629,13.9689
1738280700.0,15.2887,10.0688
1738281600.0,15.837,15.7865
1738282500.0,25.0943,0.0
1738283400.0,8.8377,0.0
1738284300.0,28.2554,9.1797
1738285200.0,9.2768,0.0
1738286100.0,18.8206,12.1256
1738287000.0,23.5139,12.8667
1738287900.0,12.8622,16.083
1738288800.0,31.1965,14.4707
1738289700.0,18.9135,28.0519
1738290600.0,9.4622,3.6933
1738291500.0,17.0611,16.2006
1738292400.0,35.8758,18.054
1738293300.0,16.1495,16.9987
1738294200.0,31.1945,14.9267
1738295100.0,17.0079,25.3064
1738296000.0,25.216,10.8226
1738296900.0,29.6898,16.1907
1738297800.0,25.442,6.443
1738298700.0,18.2122,20.9014
1738299600.0,26.3449,20.4407
1738300500.0,17.0449,10.0493
1738301400.0,16.989,6.2627
1738302300.0,26.0815,11.3043
1738303200.0,34.2903,23.8641
1738304100.0,13.7164,17.4203
1738305000.0,25.0785,16.572
1738305900.0,25.806,17.5263
1738306800.0,27.3634,22.1897
1738307700.0,33.574,14.2902
1738308600.0,33.7607,18.0336
1738309500.0,9.5108,6.3586
1738310400.0,10.2257,15.3664
1738311300.0,28.7609,5.7926
1738312200.0,19.2635,24.5622
1738313100.0,0.0,11.316
1738314000.0,16.8637,18.491
1738314900.0,22.2753,11.5659
1738315800.0,24.0863,5.3589
1738316700.0,30.0657,15.7683
1738317600.0,13.2258,19.7431
1738318500.0,8.0291,0.0
1738319400.0,16.5296,0.0
1738320300.0,0.0,0.2159
1738321200.0,21.5824,10.2413
1738322100.0,18.8198,20.6749
1738323000.0,40.4649,13.9133
1738323900.0,16.7486,4.0647
1738324800.0,26.0541,20.7635
1738325700.0,8.9928,8.7709
1738326600.0,12.0121,17.9297
1738327500.0,17.1983,5.6022
1738328400.0,29.0669,15.5917
1738329300.0,13.0444,37.2184
1738330200.0,3.2504,0.2458
1738331100.0,26.2753,15.3687
1738332000.0,21.8847,5.4643
1738332900.0,10.6886,25.4244
1738333800.0,10.9752,10.3085
1738334700.0,21.7988,10.3279
1738335600.0,16.8263,13.2993
1738336500.0,29.4838,13.4762
1738337400.0,12.0342,2.075
1738338300.0,29.7971,11.7755
1738339200.0,36.8191,21.8763
1738340100.0,14.1899,9.8162
1738341000.0,30.3102,17.1343
1738341900.0,28.2482,15.1575
1738342800.0,10.8843,9.3499
1738343700.0,23.5491,6.4011
1738344600.0,7.0466,9.9995
1738345500.0,24.4241,0.0
1738346400.0,17.6272,6.7523
1738347300.0,15.2627,17.4345
1738348200.0,4.9583,0.0
1738349100.0,19.5985,5.209
1738350000.0,29.4384,19.9846
1738350900.0,37.0521,15.6674
1738351800.0,15.3546,23.9778
1738352700.0,24.5805,7.5603
1738353600.0,36.4846,0.0
1738354500.0,12.4971,17.3897
1738355400.0,20.2283,12.3018
1738356300.0,22.6717,13.2841
1738357200.0,28.5762,1.2152
1738358100.0,0.0,11.6966
1738359000.0,0.0,7.6467
1738359900.0,15.5641,9.8666
1738360800.0,23.445,30.8677
1738361700.0,15.9151,36.7891
1738362600.0,4.6019,14.5579
1738363500.0,28.3848,17.7602
1738364400.0,10.57,21.0473
1738365300.0,31.9767,8.9763
1738366200.0,18.591,20.8343
1738367100.0,10.6509,10.984
1738368000.0,27.6757,9.53
1738368900.0,23.9518,0.7497
1738369800.0,22.6575,9.6485
1738370700.0,15.7712,0.0
1738371600.0,18.6025,9.5089
1738372500.0,21.7464,11.5132
1738373400.0,9.9848,10.4723
1738374300.0,10.8673,0.0
1738375200.0,31.1356,0.0
1738376100.0,3.2634,30.1778
1738377000.0,26.93,17.5314
1738377900.0,29.1738,0.0
1738378800.0,23.4413,0.0
1738379700.0,3.1852,9.5916
1738380600.0,28.6521,18.1082
1738381500.0,11.4447,13.787
1738382400.0,10.9361,0.0
1738383300.0,10.5102,12.1265
1738384200.0,15.5872,11.1433
1738385100.0,22.4416,16.5411
1738386000.0,8.2369,14.1059
1738386900.0,3.6842,15.4156
1738387800.0,18.1965,20.1076
1738388700.0,29.7894,12.6574
1738389600.0,18.7332,18.402
1738390500.0,11.9046,24.7545
1738391400.0,8.9257,19.8304
1738392300.0,15.3739,5.4223
1738393200.0,32.1368,9.1897
1738394100.0,8.7805,16.2798
1738395000.0,18.028,14.5305
1738395900.0,26.9231,0.0
1738396800.0,15.8708,23.3519
1738397700.0,22.7507,20.6565
1738398600.0,11.7892,3.0617
1738399500.0,6.8056,8.2174
1738400400.0,24.3066,8.7179
1738401300.0,10.1735,6.0154
1738402200.0,16.5346,28.8443
1738403100.0,14.4038,20.0938
1738404000.0,21.6539,9.5999
1738404900.0,23.0918,7.1584
1738405800.0,8.1678,27.8266
1738406700.0,9.8914,0.0
1738407600.0,15.292,0.0
1738408500.0,28.8768,29.8182
1738409400.0,29.7477,0.0
1738410300.0,3.8529,18.5366
1738411200.0,0.0,11.6804
1738412100.0,43.9944,4.9746
1738413000.0,15.2671,21.3738
1738413900.0,13.5718,0.0404
1738414800.0,11.9338,17.3387
1738415700.0,18.6867,21.2758
1738416600.0,34.7512,25.4634
1738417500.0,11.1886,8.4809
1738418400.0,40.9186,0.0
1738419300.0,19.8303,23.2866
1738420200.0,11.4241,12.3757
1738421100.0,20.5197,10.414
1738422000.0,20.398,5.7835
1738422900.0,15.8006,13.2636
1738423800.0,12.7836,13.07
1738424700.0,30.0977,7.764
1738425600.0,23.0381,18.422
1738426500.0,26.0791,4.6394
1738427400.0,4.6642,0.0
1738428300.0,27.7714,0.6006
1738429200.0,21.7574,0.0
1738430100.0,26.46,5.5047
1738431000.0,30.5919,0.7717
1738431900.0,19.8247,1.3716
1738432800.0,30.1258,9.0928
1738433700.0,25.3914,0.0
1738434600.0,14.1844,0.0
1738435500.0,20.2201,15.5558
1738436400.0,6.0463,6.7182
1738437300.0,33.9647,15.3486
1738438200.0,0.0,9.445
1738439100.0,17.8471,20.255
1738440000.0,16.841,0.0
1738440900.0,0.0,0.0
1738441800.0,7.6906,19.8511
1738442700.0,32.4266,0.0
1738443600.0,24.0093,25.9209
1738444500.0,9.0047,12.7603
1738445400.0,0.0,0.0
1738446300.0,20.4412,9.8626
1738447200.0,9.9551,0.0
1738448100.0,25.5626,11.5795
1738449000.0,37.773,0.0
1738449900.0,27.1844,13.121
1738450800.0,36.3782,5.7793
1738451700.0,33.0186,22.86
1738452600.0,26.3303,5.2341
1738453500.0,22.1235,14.8056
1738454400.0,32.6519,25.2331
1738455300.0,15.9196,0.0
1738456200.0,26.098,9.3648
1738457100.0,22.9485,1.9468
1738458000.0,15.9398,14.3275
1738458900.0,12.761,20.5782
1738459800.0,25.5668,0.0
1738460700.0,15.2533,13.9871
1738461600.0,16.4567,6.3677
1738462500.0,25.8126,15.442
1738463400.0,13.2162,22.9035
1738464300.0,32.5761,5.8253
1738465200.0,14.2832,14.0319
1738466100.0,17.3493,16.4643
1738467000.0,13.0601,0.0
1738467900.0,24.0046,6.4601
1738468800.0,25.1046,15.1894
1738469700.0,18.0086,16.3712
1738470600.0,19.6085,9.1111
1738471500.0,25.5939,2.37
1738472400.0,23.333,0.0
1738473300.0,14.8318,0.0
1738474200.0,21.0869,10.1232
1738475100.0,13.0704,18.2229
1738476000.0,22.2717,10.4108
1738476900.0,19.6174,13.2277
1738477800.0,26.9026,2.8765
1738478700.0,28.7581,0.0
1738479600.0,18.5817,27.3551
1738480500.0,2.547,0.0
1738481400.0,15.9165,11.005
1738482300.0,2.7639,3.6269
1738483200.0,22.383,0.0
1738484100.0,22.3643,10.1469
1738485000.0,35.7991,25.9007
1738485900.0,11.752,0.0
1738486800.0,15.7087,19.3385
1738487700.0,26.2072,16.0796
1738488600.0,23.6329,16.7616
1738489500.0,6.3389,12.0686
1738490400.0,23.7378,9.9819
1738491300.0,5.6489,22.3832
1738492200.0,17.7726,21.2164
1738493100.0,16.9855,18.1842
1738494000.0,23.6429,6.2547
1738494900.0,10.8451,20.6973
1738495800.0,25.1021,13.0027
1738496700.0,18.119,5.496
1738497600.0,29.463,14.1833
1738498500.0,22.0121,10.6712
1738499400.0,31.7975,16.3101
1738500300.0,19.3487,11.5753
1738501200.0,9.9375,5.0711
1738502100.0,19.3536,4.0785
1738503000.0,35.256,14.3205
1738503900.0,14.4478,21.4233
1738504800.0,18.7392,20.1988
1738505700.0,16.1219,17.5751
1738506600.0,14.0009,0.7228
1738507500.0,22.8291,5.1573
1738508400.0,27.386,12.5808
1738509300.0,14.3032,13.84
1738510200.0,34.827,8.7932
1738511100.0,30.5642,10.2393
1738512000.0,24.3937,15.9285
1738512900.0,8.8744,12.0308
1738513800.0,25.0613,0.108
1738514700.0,25.1365,15.5126
1738515600.0,12.5984,5.1936
1738516500.0,23.7446,0.0
1738517400.0,0.0,14.5748
1738518300.0,22.6252,0.0
1738519200.0,12.3817,16.2878
1738520100.0,10.7952,12.8401
1738521000.0,3.6434,12.2637
1738521900.0,14.9188,12.6621
1738522800.0,15.7349,26.5249
1738523700.0,29.5768,9.1766
1738524600.0,8.8869,11.7896
1738525500.0,21.3048,11.4288
1738526400.0,20.7113,10.0386
1738527300.0,27.2468,20.9385
1738528200.0,15.4049,0.0
1738529100.0,39.1606,11.6413
1738530000.0,16.3955,16.15
1738530900.0,4.6267,19.2296
1738531800.0,12.3802,8.4839
1738532700.0,26.2014,28.7892
1738533600.0,31.9281,0.0
1738534500.0,19.6895,4.1712
1738535400.0,41.539,13.5158
1738536300.0,34.5704,7.1378
