1738141200.0,23.1108,3.5283
1738142100.0,27.4281,11.8423
1738143000.0,8.5759,10.5005
1738143900.0,9.0241,6.9837
1738144800.0,35.908,13.9779
1738145700.0,35.3753,11.7536
1738146600.0,6.7616,24.5322
1738147500.0,19.971,4.2773
1738148400.0,40.2054,7.6039
1738149300.0,16.6648,6.8421
1738150200.0,23.374,5.091
1738151100.0,13.1835,5.7515
1738152000.0,21.4438,28.2275
1738152900.0,22.1321,16.8661
1738153800.0,38.7362,10.6567
1738154700.0,27.7704,4.4315
1738155600.0,17.6839,43.676
1738156500.0,22.191,4.7709
1738157400.0,12.2723,6.6754
1738158300.0,4.5499,22.2245
1738159200.0,13.1852,0.0
1738160100.0,10.0816,13.1176
1738161000.0,27.2107,14.4942
1738161900.0,18.8993,14.4701
1738162800.0,23.8432,19.8477
1738163700.0,12.9879,30.6129
1738164600.0,12.0208,0.0
1738165500.0,19.9884,12.2603
1738166400.0,27.9469,9.1871
1738167300.0,12.98,33.8428
1738168200.0,14.9821,0.2537
1738169100.0,29.8102,13.4411
1738170000.0,24.2754,16.4086
1738170900.0,29.049,10.9582
1738171800.0,7.4915,24.6717
1738172700.0,35.5692,21.1315
1738173600.0,31.1588,38.2161
1738174500.0,17.2567,6.8712
1738175400.0,18.2699,9.8462
1738176300.0,34.9815,17.1303
1738177200.0,33.1735,0.7864
1738178100.0,19.1471,19.0712
1738179000.0,19.024,0.0
1738179900.0,31.5287,20.6443
1738180800.0,33.7413,21.8956
1738181700.0,37.5671,11.5254
1738182600.0,30.4436,18.3227
1738183500.0,29.1135,14.2282
1738184400.0,8.6999,30.7772
1738185300.0,15.3474,12.797
1738186200.0,22.6315,24.2842
1738187100.0,15.2911,5.0429
1738188000.0,29.7685,9.8936
1738188900.0,26.2991,18.0425
1738189800.0,18.6043,3.8355
1738190700.0,22.0491,15.1497
1738191600.0,29.1718,11.2322
1738192500.0,32.3402,8.5222
1738193400.0,26.683,9.1934
1738194300.0,13.8201,4.4732
1738195200.0,1.5329,21.2697
1738196100.0,32.6724,12.416
1738197000.0,19.9473,27.3787
1738197900.0,19.0201,0.0
1738198800.0,28.3679,12.2233
1738199700.0,18.1392,11.8915
1738200600.0,13.9229,5.1881
1738201500.0,16.1906,8.7018
1738202400.0,29.0337,14.9242
1738203300.0,15.7482,2.623
1738204200.0,6.4287,17.2151
1738205100.0,24.4778,12.4672
1738206000.0,17.323,4.3963
1738206900.0,30.1701,14.2982
1738207800.0,37.6478,8.2441
1738208700.0,21.4391,5.9876
1738209600.0,26.3061,10.6639
1738210500.0,5.7749,0.0
1738211400.0,9.2099,10.859
1738212300.0,26.5593,19.586
1738213200.0,0.0,1.4365
1738214100.0,15.3146,7.7548
1738215000.0,40.0417,7.6364
1738215900.0,12.1179,0.5056
1738216800.0,15.2869,23.3379
1738217700.0,8.6726,16.9892
1738218600.0,18.5534,5.6603
1738219500.0,22.9871,13.5083
1738220400.0,20.4958,0.0
1738221300.0,14.0971,4.2676
1738222200.0,30.2637,20.3086
1738223100.0,35.4126,3.5936
1738224000.0,26.8454,37.3448
1738224900.0,7.8768,18.8963
1738225800.0,26.9731,25.853
1738226700.0,18.1608,3.3078
1738227600.0,0.0,11.6481
1738228500.0,28.5596,2.4826
1738229400.0,28.4914,7.4551
1738230300.0,19.0538,13.0808
1738231200.0,25.549,20.8099
1738232100.0,0.8086,18.3737
1738233000.0,26.9469,1.6365
1738233900.0,42.1655,24.3922
1738234800.0,5.6039,17.8469
1738235700.0,8.86,23.1455
1738236600.0,30.9795,0.0
1738237500.0,34.0663,20.7984
1738238400.0,12.4069,11.2187
1738239300.0,9.1441,1.6017
1738240200.0,17.8045,10.5512
1738241100.0,4.3782,5.9278
1738242000.0,28.9861,14.8356
1738242900.0,17.3751,8.4744
1738243800.0,16.4006,0.0
1738244700.0,14.16,22.5053
1738245600.0,23.9354,19.8251
1738246500.0,8.4198,12.5776
1738247400.0,23.792,0.0
1738248300.0,30.2998,8.5915
1738249200.0,2.4499,16.4534
1738250100.0,23.1253,7.8306
1738251000.0,14.357,0.0
1738251900.0,0.6877,18.1349
1738252800.0,33.7633,21.4362
1738253700.0,4.0598,30.4067
1738254600.0,3.9001,13.2301
1738255500.0,19.1199,12.739
1738256400.0,19.961,8.8312
1738257300.0,12.7855,23.2425
1738258200.0,21.1802,0.0
1738259100.0,21.7818,27.5893
1738260000.0,13.4223,12.1568
1738260900.0,9.8359,15.014
1738261800.0,23.3979,13.8865
1738262700.0,27.3786,12.8762
1738263600.0,9.1904,13.2952
1738264500.0,6.5081,10.5996
1738265400.0,27.6667,24.9776
1738266300.0,11.615,15.6615
1738267200.0,17.3583,8.3588
1738268100.0,26.5369,13.5714
1738269000.0,16.7061,11.7406
1738269900.0,24.8943,6.3881
1738270800.0,32.0716,15.9504
1738271700.0,16.5135,4.6628
1738272600.0,14.754,9.9527
1738273500.0,17.7474,17.0971
1738274400.0,20.5704,11.6921
1738275300.0,18.2031,19.1898
1738276200.0,15.1167,17.3422
1738277100.0,21.2108,14.3348
1738278000.0,25.6183,4.2925
1738278900.0,25.6464,3.9682
1738279800.0,33.5887,20.2712
1738280700.0,27.0105,31.9253
1738281600.0,7.109,8.3585
1738282500.0,4.3769,16.8313
1738283400.0,14.8429,0.0
1738284300.0,28.3569,3.3358
1738285200.0,26.3198,0.0
1738286100.0,4.8827,0.0
1738287000.0,13.7569,24.3388
1738287900.0,24.6222,0.0
1738288800.0,31.2475,20.5186
1738289700.0,25.9387,5.388
1738290600.0,15.5996,9.2587
1738291500.0,23.7137,6.7501
1738292400.0,22.494,3.5455
1738293300.0,17.6948,4.0356
1738294200.0,17.8691,5.48
1738295100.0,0.0,31.2938
1738296000.0,33.8739,24.2141
1738296900.0,6.607,12.5107
1738297800.0,32.4392,5.9779
1738298700.0,18.7516,4.2232
1738299600.0,20.8467,14.097
1738300500.0,20.1216,5.4046
1738301400.0,42.0018,0.0
1738302300.0,13.0049,19.2188
1738303200.0,21.7666,1.5842
1738304100.0,26.713,8.3311
1738305000.0,11.3294,17.7072
1738305900.0,12.7006,18.631
1738306800.0,37.2111,14.0629
1738307700.0,16.6539,10.1777
1738308600.0,2.8362,3.3341
1738309500.0,16.4641,0.0
1738310400.0,0.0,13.127
1738311300.0,8.7596,33.6658
1738312200.0,28.2248,4.0014
1738313100.0,16.8526,0.0
1738314000.0,20.5638,18.1288
1738314900.0,16.8154,7.2252
1738315800.0,17.8451,2.5271
1738316700.0,4.8021,13.7639
1738317600.0,1.891,0.0
1738318500.0,23.4283,12.1365
1738319400.0,35.3355,14.1465
1738320300.0,34.697,0.0
1738321200.0,14.1944,9.791
1738322100.0,25.5072,0.0
1738323000.0,27.3087,12.6162
1738323900.0,0.0,0.0
1738324800.0,11.2688,2.1379
1738325700.0,23.1565,3.2887
1738326600.0,16.5177,8.9555
1738327500.0,9.9329,0.0
1738328400.0,17.2154,8.5158
1738329300.0,0.0,0.0738
1738330200.0,24.8951,16.8754
1738331100.0,8.0958,11.7681
1738332000.0,16.7078,17.1116
1738332900.0,25.234,24.5511
1738333800.0,40.7464,0.0
1738334700.0,24.3715,24.3894
1738335600.0,15.422,17.0505
1738336500.0,22.0225,0.0
1738337400.0,10.9922,16.4103
1738338300.0,34.0006,16.21
1738339200.0,32.1587,24.1099
1738340100.0,22.7099,5.2506
1738341000.0,14.3615,0.0
1738341900.0,22.6643,10.649
1738342800.0,11.1693,4.667
1738343700.0,11.7069,16.9783
1738344600.0,7.6105,8.427
1738345500.0,35.8045,1.8219
1738346400.0,13.6505,0.0
1738347300.0,27.6912,0.0
1738348200.0,31.5202,36.4656
1738349100.0,26.7299,7.7152
1738350000.0,26.8779,7.1486
1738350900.0,17.5491,16.4366
1738351800.0,15.7251,3.8481
1738352700.0,19.1687,14.812
1738353600.0,38.1884,10.6216
1738354500.0,20.0069,0.0
1738355400.0,21.528,26.0225
1738356300.0,31.8781,1.7353
1738357200.0,13.0222,16.6991
1738358100.0,9.5398,12.6289
1738359000.0,9.4699,15.4592
1738359900.0,10.9246,16.7776
1738360800.0,18.0002,15.8611
1738361700.0,28.5799,6.6806
1738362600.0,28.8735,7.5266
1738363500.0,26.8778,0.0
1738364400.0,10.2162,5.4831
1738365300.0,26.9471,11.3007
1738366200.0,12.246,16.7253
1738367100.0,23.6724,0.0009
1738368000.0,19.8916,8.5188
1738368900.0,34.6717,12.6461
1738369800.0,26.4983,4.5748
1738370700.0,20.4279,9.2218
1738371600.0,22.2214,6.4752
1738372500.0,20.7633,15.8206
1738373400.0,38.7825,11.2067
1738374300.0,17.0083,0.0
1738375200.0,20.769,12.3457
1738376100.0,38.7063,5.0924
1738377000.0,8.3229,0.0
1738377900.0,18.204,21.6287
1738378800.0,15.0679,3.658
1738379700.0,20.0399,0.0
1738380600.0,0.0,14.9238
1738381500.0,7.0242,0.0
1738382400.0,19.4117,3.2105
1738383300.0,32.4756,0.0
1738384200.0,19.7914,2.657
1738385100.0,25.9763,0.0
1738386000.0,18.5751,15.9093
1738386900.0,11.952,12.7545
1738387800.0,33.5529,14.7188
1738388700.0,20.241,4.6985
1738389600.0,13.4456,22.3854
1738390500.0,2.34,2.2361
1738391400.0,24.61,0.0
1738392300.0,10.0498,22.8044
1738393200.0,15.5987,8.8614
1738394100.0,37.9494,13.7698
1738395000.0,23.516,7.7888
1738395900.0,16.5478,7.4074
1738396800.0,25.6039,5.3517
1738397700.0,16.3224,7.9634
1738398600.0,25.7106,6.5313
1738399500.0,19.7506,0.0
1738400400.0,8.676,10.4119
1738401300.0,4.3781,9.1831
1738402200.0,28.2632,11.5199
1738403100.0,17.9297,14.0509
1738404000.0,26.9319,12.4398
1738404900.0,16.9407,20.0796
1738405800.0,18.4383,0.0638
1738406700.0,35.4381,0.0
1738407600.0,30.6715,16.6718
1738408500.0,20.4291,11.3997
1738409400.0,19.1795,3.8391
1738410300.0,25.5011,0.0
1738411200.0,11.409,12.8299
1738412100.0,19.5368,24.8781
1738413000.0,31.3704,8.7012
1738413900.0,19.4287,7.5709
1738414800.0,33.7473,10.1968
1738415700.0,23.2871,8.6042
1738416600.0,17.4803,6.5454
1738417500.0,6.0651,4.4537
1738418400.0,19.2965,5.6313
1738419300.0,20.2022,19.2434
1738420200.0,22.3632,35.4361
1738421100.0,26.3709,3.091
1738422000.0,37.3794,12.7417
1738422900.0,23.0365,19.3934
1738423800.0,12.4245,25.9122
1738424700.0,14.2937,9.3599
1738425600.0,11.8569,1.6192
1738426500.0,17.2424,14.0038
1738427400.0,9.2989,24.099
1738428300.0,28.4523,10.9727
1738429200.0,19.4121,0.0
1738430100.0,40.0959,13.2435
1738431000.0,11.3257,10.5672
1738431900.0,11.3524,5.3779
1738432800.0,12.6718,20.6154
1738433700.0,20.6068,16.1079
1738434600.0,20.5278,10.3709
1738435500.0,15.4787,9.1512
1738436400.0,9.6049,5.4687
1738437300.0,20.6653,16.9793
1738438200.0,17.8529,26.8811
1738439100.0,29.8247,7.8085
1738440000.0,17.6302,24.4438
1738440900.0,35.9205,0.0
1738441800.0,29.0401,16.717
1738442700.0,29.345,0.0
1738443600.0,0.2031,3.8959
1738444500.0,19.5127,10.1284
1738445400.0,13.312,12.1108
1738446300.0,14.3799,29.6404
1738447200.0,10.1776,27.379
1738448100.0,23.4618,2.9286
1738449000.0,12.028,17.4579
1738449900.0,28.109,27.0472
1738450800.0,17.4821,3.7075
1738451700.0,26.2468,3.35
1738452600.0,18.6599,8.7891
1738453500.0,12.6849,0.0
1738454400.0,0.0,27.7873
1738455300.0,24.9763,29.8291
1738456200.0,26.9019,13.5085
1738457100.0,21.6143,14.7829
1738458000.0,13.5759,0.0
1738458900.0,9.3458,22.643
1738459800.0,25.3232,4.0942
1738460700.0,27.3865,24.6808
1738461600.0,22.0453,10.468
1738462500.0,15.1275,19.8238
1738463400.0,34.5661,7.5744
1738464300.0,17.7672,1.6027
1738465200.0,31.0148,21.8191
1738466100.0,15.9557,2.0371
1738467000.0,26.4625,3.1044
1738467900.0,14.7851,6.2319
1738468800.0,19.8496,21.7298
1738469700.0,29.5846,11.1883
1738470600.0,13.2494,0.0
1738471500.0,34.905,27.0532
1738472400.0,21.3932,16.7797
1738473300.0,19.4188,13.4763
1738474200.0,21.2815,1.4464
1738475100.0,12.4935,19.7395
1738476000.0,26.6503,9.1077
1738476900.0,10.6802,0.0
1738477800.0,24.5525,22.3535
1738478700.0,7.9565,30.0607
1738479600.0,28.5921,0.0
1738480500.0,21.7412,17.0743
1738481400.0,16.2386,10.158
1738482300.0,5.7421,25.3975
1738483200.0,36.5586,10.6224
1738484100.0,20.5511,10.6131
1738485000.0,16.7453,0.5032
1738485900.0,22.9012,14.2262
1738486800.0,21.6377,1.363
1738487700.0,4.6718,24.683
1738488600.0,21.744,28.1851
1738489500.0,24.2831,4.4257
1738490400.0,16.1566,37.7111
1738491300.0,23.3328,7.0327
1738492200.0,19.4386,12.8263
1738493100.0,2.4829,15.0377
1738494000.0,18.8842,2.5567
1738494900.0,12.2338,5.7417
1738495800.0,41.1525,9.5914
1738496700.0,6.4317,11.0684
1738497600.0,26.232,2.4873
1738498500.0,40.5732,16.022
1738499400.0,31.0515,12.7928
1738500300.0,28.6314,8.4896
1738501200.0,7.8815,24.8879
1738502100.0,18.3882,0.0
1738503000.0,41.9976,19.5261
1738503900.0,15.4124,0.0
1738504800.0,27.8511,12.6639
1738505700.0,35.5785,0.0
1738506600.0,14.2996,6.3534
1738507500.0,21.6725,0.0
1738508400.0,21.8057,8.9979
1738509300.0,23.6063,4.9064
1738510200.0,29.572,0.0
1738511100.0,16.2537,24.3202
1738512000.0,22.8668,5.5472
1738512900.0,21.1047,27.0214
1738513800.0,28.8722,0.0
1738514700.0,15.7915,7.296
1738515600.0,11.3292,2.5732
1738516500.0,22.8264,5.1896
1738517400.0,20.5664,5.3229
1738518300.0,18.0185,0.0
1738519200.0,28.9722,0.0
1738520100.0,15.7718,7.4225
1738521000.0,24.4625,8.8868
1738521900.0,12.7508,13.3255
1738522800.0,18.6137,4.6353
1738523700.0,15.7392,0.0
1738524600.0,13.4763,0.0
1738525500.0,7.8598,10.6183
1738526400.0,19.6199,0.0
1738527300.0,21.6363,14.982
1738528200.0,28.8563,12.4657
1738529100.0,18.8862,15.185
1738530000.0,17.7395,16.9953
1738530900.0,10.519,14.9532
1738531800.0,11.3668,17.6279
1738532700.0,18.4182,19.689
1738533600.0,14.1858,1.2971
1738534500.0,0.5371,10.6085
1738535400.0,21.3695,11.3049
1738536300.0,18.0644,8.1265
