1738141200.0,17.6598,17.1453
1738142100.0,39.8012,2.5374
1738143000.0,22.3915,15.265
1738143900.0,20.7256,8.801
1738144800.0,32.4294,2.6121
1738145700.0,33.7545,16.8107
1738146600.0,0.0,11.1913
1738147500.0,29.9425,0.0
1738148400.0,15.0093,3.0767
1738149300.0,7.4566,10.0419
1738150200.0,30.6609,0.0
1738151100.0,17.6079,16.0967
1738152000.0,32.1238,21.1201
1738152900.0,14.6781,0.0
1738153800.0,34.3752,18.7015
1738154700.0,8.8541,3.8793
1738155600.0,0.5809,25.9415
1738156500.0,31.7873,27.2357
1738157400.0,24.0446,3.5798
1738158300.0,23.8017,3.9161
1738159200.0,21.1099,2.5
1738160100.0,35.8668,6.1204
1738161000.0,0.0,11.0262
1738161900.0,15.386,9.4166
1738162800.0,23.5709,10.3302
1738163700.0,13.5803,17.8409
1738164600.0,22.955,0.0
1738165500.0,31.625,6.4756
1738166400.0,7.569,16.5335
1738167300.0,0.0,13.7475
1738168200.0,3.3433,16.2813
1738169100.0,29.4066,6.7651
1738170000.0,24.3668,17.5548
1738170900.0,17.8867,6.7649
1738171800.0,7.1591,18.7172
1738172700.0,33.6189,7.8138
1738173600.0,11.0334,3.84
1738174500.0,19.8502,10.9678
1738175400.0,10.301,30.0847
1738176300.0,28.4495,5.1838
1738177200.0,35.3769,0.0
1738178100.0,13.7569,25.0158
1738179000.0,34.2042,0.0
1738179900.0,24.3853,23.3304
1738180800.0,20.3605,24.3678
1738181700.0,16.1076,17.3661
1738182600.0,22.2143,4.0077
1738183500.0,11.5696,22.798
1738184400.0,14.3841,0.0
1738185300.0,22.7284,7.6629
1738186200.0,53.9542,22.9098
1738187100.0,20.7957,4.5056
1738188000.0,32.3818,4.4055
1738188900.0,36.1716,1.961
1738189800.0,17.9774,18.2221
1738190700.0,3.9805,2.0306
1738191600.0,25.719,0.8947
1738192500.0,21.7033,0.0
1738193400.0,12.1143,27.7189
1738194300.0,31.7013,0.3357
1738195200.0,26.4108,0.0
1738196100.0,15.3643,11.7535
1738197000.0,13.953,21.4977
1738197900.0,8.6928,9.65
1738198800.0,13.7831,18.675
1738199700.0,9.7911,14.2743
1738200600.0,20.8696,11.6272
1738201500.0,20.3824,12.7434
1738202400.0,33.1246,0.0
1738203300.0,21.853,27.8917
1738204200.0,22.8691,21.482
1738205100.0,30.3514,9.5973
1738206000.0,21.7284,10.1726
1738206900.0,23.758,9.5403
1738207800.0,12.9009,4.0045
1738208700.0,27.8552,16.3748
1738209600.0,8.3842,11.6885
1738210500.0,16.1086,0.0
1738211400.0,23.1668,16.1499
1738212300.0,15.6855,29.8673
1738213200.0,12.1753,1.9568
1738214100.0,25.2813,0.0
1738215000.0,0.4792,0.076
1738215900.0,14.3332,19.1738
1738216800.0,25.6632,18.4342
1738217700.0,18.1372,0.0
1738218600.0,16.2617,12.6252
1738219500.0,20.2568,20.7323
1738220400.0,10.6269,0.5823
1738221300.0,27.5357,0.0
1738222200.0,16.0082,0.0
1738223100.0,33.0274,21.7625
1738224000.0,0.0,0.0
1738224900.0,11.1407,25.7442
1738225800.0,9.6465,25.2419
1738226700.0,19.2918,3.5004
1738227600.0,31.5723,0.0
1738228500.0,11.6603,0.0
1738229400.0,28.5579,12.9238
1738230300.0,23.2259,9.6327
1738231200.0,27.4971,21.204
1738232100.0,26.7758,8.371
1738233000.0,31.1498,9.0808
1738233900.0,24.5489,20.8699
1738234800.0,22.6812,11.983
1738235700.0,21.7457,12.8329
1738236600.0,30.5964,18.1956
1738237500.0,12.9812,9.8561
1738238400.0,28.2773,44.405
1738239300.0,27.5675,10.8866
1738240200.0,25.7903,11.5425
1738241100.0,22.6372,25.601
1738242000.0,12.2036,12.2258
1738242900.0,27.4687,8.0289
1738243800.0,17.2461,4.464
1738244700.0,14.1242,5.3977
1738245600.0,18.451,2.7189
1738246500.0,7.5141,4.7641
1738247400.0,31.3694,0.0
1738248300.0,21.1686,7.4412
1738249200.0,36.736,10.7725
1738250100.0,17.262,39.5084
1738251000.0,14.747,9.9135
1738251900.0,12.5291,15.3458
1738252800.0,10.0983,16.3943
1738253700.0,10.3604,5.0171
1738254600.0,19.0782,1.1277
1738255500.0,27.9959,13.1592
1738256400.0,26.6298,2.564
1738257300.0,9.4873,4.381
1738258200.0,29.3748,7.0641
1738259100.0,22.4956,0.0
1738260000.0,27.6089,2.7391
1738260900.0,24.9801,23.8482
1738261800.0,6.0369,0.0
1738262700.0,8.6897,8.6161
1738263600.0,25.5548,6.1122
1738264500.0,19.2541,14.4279
1738265400.0,19.8117,13.626
1738266300.0,20.6864,0.0
1738267200.0,30.7321,8.524
1738268100.0,41.7945,17.2072
1738269000.0,19.3359,0.0
1738269900.0,14.371,23.6201
1738270800.0,7.9882,8.6823
1738271700.0,10.4743,15.3426
1738272600.0,26.3114,12.6675
1738273500.0,17.2266,4.9393
1738274400.0,16.355,11.3646
1738275300.0,16.0707,8.5109
1738276200.0,37.9719,0.0
1738277100.0,31.5948,0.0
1738278000.0,23.3465,8.2748
1738278900.0,4.9069,16.04
1738279800.0,40.8474,0.0
1738280700.0,35.5084,16.8247
1738281600.0,12.9322,9.4601
1738282500.0,40.7411,0.0
1738283400.0,19.0059,23.5877
1738284300.0,7.6385,19.1913
1738285200.0,21.6082,0.0
1738286100.0,32.5327,18.5965
1738287000.0,27.7759,18.567
1738287900.0,16.499,17.2386
1738288800.0,24.35,0.5257
1738289700.0,22.5592,3.9797
1738290600.0,16.1265,4.8477
1738291500.0,29.7339,5.0954
1738292400.0,18.2795,17.3829
1738293300.0,13.3181,19.2807
1738294200.0,15.884,22.4969
1738295100.0,23.9833,11.5282
1738296000.0,36.4489,27.5561
1738296900.0,32.4844,0.0
1738297800.0,25.6247,14.2588
1738298700.0,11.1881,16.6481
1738299600.0,16.3476,0.0
1738300500.0,18.5956,7.0544
1738301400.0,6.6847,5.808
1738302300.0,18.1345,7.9071
1738303200.0,0.0,12.1392
1738304100.0,17.1901,10.6404
1738305000.0,23.026,8.501
1738305900.0,13.5505,30.7508
1738306800.0,18.4254,2.5882
1738307700.0,0.0,10.1227
1738308600.0,28.1646,8.2124
1738309500.0,45.9644,20.8447
1738310400.0,13.9302,0.0
1738311300.0,23.4737,0.0
1738312200.0,34.4504,0.0
1738313100.0,22.6981,20.3943
1738314000.0,18.8896,1.2117
1738314900.0,10.689,13.2679
1738315800.0,34.8526,13.1175
1738316700.0,12.7319,0.0
1738317600.0,31.622,1.6901
1738318500.0,33.8125,46.3955
1738319400.0,23.2661,4.9557
1738320300.0,35.343,4.8398
1738321200.0,24.2266,0.0
1738322100.0,54.9787,9.7777
1738323000.0,18.0856,20.0658
1738323900.0,45.21,21.6916
1738324800.0,14.1869,8.2733
1738325700.0,26.3908,13.481
1738326600.0,20.7619,0.0
1738327500.0,21.2155,0.0
1738328400.0,17.5466,7.0893
1738329300.0,18.3511,2.8518
1738330200.0,34.8438,8.8442
1738331100.0,14.3193,31.1631
1738332000.0,24.3251,0.0
1738332900.0,17.9501,4.342
1738333800.0,21.5914,9.4211
1738334700.0,35.5176,8.388
1738335600.0,27.8402,23.7123
1738336500.0,9.116,17.7371
1738337400.0,9.7783,38.4761
1738338300.0,14.3527,13.8222
1738339200.0,17.6623,13.5817
1738340100.0,14.2799,0.0
1738341000.0,31.9592,19.261
1738341900.0,11.7559,1.4315
1738342800.0,25.8123,15.2701
1738343700.0,7.9155,11.6534
1738344600.0,0.0,0.0
1738345500.0,11.0959,15.1621
1738346400.0,17.9192,11.2571
1738347300.0,31.4219,0.0
1738348200.0,32.0909,3.4461
1738349100.0,14.9479,12.75
1738350000.0,10.0995,16.2902
1738350900.0,16.5457,8.982
1738351800.0,31.8661,13.1885
1738352700.0,19.8349,28.7153
1738353600.0,10.4503,0.0
1738354500.0,15.8403,0.0
1738355400.0,17.9134,7.5252
1738356300.0,0.0,6.2208
1738357200.0,29.8487,11.1978
1738358100.0,24.4178,32.922
1738359000.0,26.4506,0.0
1738359900.0,20.1662,12.8825
1738360800.0,15.6385,21.1016
1738361700.0,7.7411,17.6607
1738362600.0,9.4779,2.3657
1738363500.0,27.489,0.0
1738364400.0,17.7669,8.5174
1738365300.0,20.4537,11.8759
1738366200.0,18.2608,24.6707
1738367100.0,26.757,36.2437
1738368000.0,21.3521,0.0
1738368900.0,19.4317,13.7283
1738369800.0,34.6363,3.5594
1738370700.0,19.5744,21.3834
1738371600.0,9.5732,30.5638
1738372500.0,17.5572,0.0
1738373400.0,17.4057,6.024
1738374300.0,25.7917,0.0
1738375200.0,24.8414,27.1146
1738376100.0,26.3014,20.3858
1738377000.0,29.7001,21.2529
1738377900.0,26.2334,18.3792
1738378800.0,3.3633,7.772
1738379700.0,18.4623,1.335
1738380600.0,8.5575,1.1626
1738381500.0,10.5946,0.0
1738382400.0,23.1119,0.0
1738383300.0,15.484,10.278
1738384200.0,31.5678,20.8834
1738385100.0,24.7426,5.7214
1738386000.0,12.8653,22.1943
1738386900.0,5.9326,19.956
1738387800.0,28.7548,26.5094
1738388700.0,9.9396,22.351
1738389600.0,19.7434,7.2447
1738390500.0,9.2941,8.7345
1738391400.0,16.2019,16.0018
1738392300.0,27.4371,9.1004
1738393200.0,10.0339,9.9227
1738394100.0,14.6859,0.0
1738395000.0,1.7255,2.5878
1738395900.0,11.4488,8.8844
1738396800.0,32.0352,23.6361
1738397700.0,20.9833,24.9584
1738398600.0,19.1757,32.6627
1738399500.0,18.4569,4.1427
1738400400.0,28.6281,16.7353
1738401300.0,29.7079,0.0
1738402200.0,31.8613,7.2682
1738403100.0,19.9006,5.1414
1738404000.0,24.171,7.7928
1738404900.0,8.2761,23.4561
1738405800.0,7.3042,12.6299
1738406700.0,18.101,15.4957
1738407600.0,24.5932,2.6805
1738408500.0,22.1858,17.6596
1738409400.0,11.1169,17.8713
1738410300.0,9.4325,4.9209
1738411200.0,3.3949,15.3235
1738412100.0,19.9757,2.4607
1738413000.0,0.9732,4.703
1738413900.0,14.7454,10.9852
1738414800.0,22.7944,8.8392
1738415700.0,2.0611,0.0
1738416600.0,27.1294,24.6445
1738417500.0,11.6814,0.0
1738418400.0,16.058,13.2032
1738419300.0,38.6519,0.0
1738420200.0,14.0231,6.9378
1738421100.0,7.2327,6.3219
1738422000.0,23.6285,0.0
1738422900.0,28.7629,0.0
1738423800.0,20.616,0.0
1738424700.0,15.6865,8.4043
1738425600.0,31.6765,9.8379
1738426500.0,24.609,7.7903
1738427400.0,36.2023,18.2698
1738428300.0,23.6072,4.3876
1738429200.0,26.4324,1.6858
1738430100.0,18.8245,13.8913
1738431000.0,0.2612,12.4181
1738431900.0,8.4887,2.427
1738432800.0,25.5871,30.4684
1738433700.0,31.5191,23.2365
1738434600.0,14.5774,11.6613
1738435500.0,12.178,17.8308
1738436400.0,16.7059,15.1302
1738437300.0,23.03,19.6856
1738438200.0,25.4497,0.0
1738439100.0,23.5844,2.4366
1738440000.0,24.472,28.1558
1738440900.0,13.9556,17.4073
1738441800.0,10.371,2.8217
1738442700.0,19.4293,3.5821
1738443600.0,24.1737,4.9607
1738444500.0,2.6165,5.2942
1738445400.0,13.7043,15.873
1738446300.0,4.4878,8.1068
1738447200.0,32.9666,13.8487
1738448100.0,0.3836,21.9376
1738449000.0,21.3973,15.9364
1738449900.0,21.4838,2.0095
1738450800.0,16.963,25.5929
1738451700.0,21.9986,16.4613
1738452600.0,17.5365,14.0756
1738453500.0,21.7911,14.1146
1738454400.0,32.6459,2.494
1738455300.0,0.0,7.4585
1738456200.0,19.7598,11.3805
1738457100.0,28.8953,11.2787
1738458000.0,17.9984,0.0
1738458900.0,19.5214,16.4044
1738459800.0,22.1388,13.7165
1738460700.0,20.4276,0.1044
1738461600.0,18.1008,28.8571
1738462500.0,11.3789,6.2304
1738463400.0,31.1731,9.4071
1738464300.0,20.832,7.9037
1738465200.0,18.0225,6.8425
1738466100.0,29.7207,21.8238
1738467000.0,14.2237,9.583
1738467900.0,18.3283,4.8281
1738468800.0,29.8034,20.8348
1738469700.0,19.6007,20.5602
1738470600.0,9.8882,11.2688
1738471500.0,21.0372,8.147
1738472400.0,34.6319,8.5516
1738473300.0,29.5495,4.5872
1738474200.0,14.9899,4.8836
1738475100.0,7.3202,5.3929
1738476000.0,30.9836,2.9778
1738476900.0,16.0855,12.7607
1738477800.0,25.2321,28.9206
1738478700.0,22.3812,6.4932
1738479600.0,11.7809,0.0
1738480500.0,25.5769,26.9591
1738481400.0,14.7851,14.8593
1738482300.0,8.4739,9.6263
1738483200.0,18.5765,28.4145
1738484100.0,24.4378,0.0
1738485000.0,21.5481,0.7013
1738485900.0,12.8348,13.0044
1738486800.0,13.8159,0.0
1738487700.0,20.1102,13.7742
1738488600.0,17.7366,16.3164
1738489500.0,12.6251,9.7573
1738490400.0,3.7067,0.0
1738491300.0,22.3716,1.0862
1738492200.0,13.2981,13.5915
1738493100.0,16.1746,2.5555
1738494000.0,7.5126,12.3321
1738494900.0,22.7024,28.6869
1738495800.0,15.8373,26.2965
1738496700.0,13.2688,11.4417
1738497600.0,42.4758,28.7976
1738498500.0,12.3855,4.0532
1738499400.0,30.4281,16.174
1738500300.0,20.3902,8.6454
1738501200.0,16.5197,23.1231
1738502100.0,6.452,12.3893
1738503000.0,32.676,7.067
1738503900.0,44.2513,0.0
1738504800.0,13.1398,13.8493
1738505700.0,26.8461,0.0
1738506600.0,18.4201,11.6584
1738507500.0,30.0795,16.4746
1738508400.0,25.9792,1.1887
1738509300.0,14.6397,0.0
1738510200.0,23.5032,0.0
1738511100.0,1.3966,2.246
1738512000.0,0.0,17.3864
1738512900.0,31.6345,10.1571
1738513800.0,4.3384,18.295
1738514700.0,9.46,0.0
1738515600.0,15.588,6.3825
1738516500.0,34.8972,7.0464
1738517400.0,28.3136,0.0
1738518300.0,19.8719,23.042
1738519200.0,27.1874,3.7898
1738520100.0,26.5942,20.7525
1738521000.0,32.9791,5.214
1738521900.0,26.4635,15.0938
1738522800.0,20.8698,9.3318
1738523700.0,15.5129,0.6561
1738524600.0,11.2703,16.147
1738525500.0,15.5021,14.2622
1738526400.0,16.2579,2.8881
1738527300.0,18.6383,2.6512
1738528200.0,17.7162,16.9869
1738529100.0,36.2494,12.8126
1738530000.0,0.0,23.1711
1738530900.0,27.6945,2.7332
1738531800.0,24.7846,0.0
1738532700.0,13.2884,6.923
1738533600.0,26.7789,4.6966
1738534500.0,14.2994,16.6831
1738535400.0,15.1535,0.0
1738536300.0,24.3953,0.0
