1738141200.0,11.53
1738142100.0,11.47
1738143000.0,11.57
1738143900.0,11.57
1738144800.0,11.59
1738145700.0,11.59
1738146600.0,11.55
1738147500.0,11.53
1738148400.0,11.52
1738149300.0,11.63
1738150200.0,11.64
1738151100.0,11.48
1738152000.0,11.59
1738152900.0,11.55
1738153800.0,11.69
1738154700.0,11.48
1738155600.0,11.49
1738156500.0,11.59
1738157400.0,11.45
1738158300.0,11.55
1738159200.0,11.6
1738160100.0,11.51
1738161000.0,11.67
1738161900.0,11.54
1738162800.0,11.51
1738163700.0,11.54
1738164600.0,11.48
1738165500.0,11.6
1738166400.0,11.59
1738167300.0,11.51
1738168200.0,11.51
1738169100.0,11.71
1738170000.0,11.53
1738170900.0,11.63
1738171800.0,11.63
1738172700.0,11.66
1738173600.0,11.63
1738174500.0,11.55
1738175400.0,11.49
1738176300.0,11.61
1738177200.0,11.61
1738178100.0,11.54
1738179000.0,11.53
1738179900.0,11.56
1738180800.0,11.62
1738181700.0,11.59
1738182600.0,11.57
1738183500.0,11.55
1738184400.0,11.51
1738185300.0,11.55
1738186200.0,11.58
1738187100.0,11.56
1738188000.0,11.57
1738188900.0,11.67
1738189800.0,11.63
1738190700.0,11.61
1738191600.0,11.53
1738192500.0,11.52
1738193400.0,11.52
1738194300.0,11.51
1738195200.0,11.59
1738196100.0,11.59
1738197000.0,11.51
1738197900.0,11.56
1738198800.0,11.58
1738199700.0,11.53
1738200600.0,11.58
1738201500.0,11.55
1738202400.0,11.53
1738203300.0,11.61
1738204200.0,11.53
1738205100.0,11.59
1738206000.0,11.57
1738206900.0,11.61
1738207800.0,11.64
1738208700.0,11.56
1738209600.0,11.6
1738210500.0,11.56
1738211400.0,11.55
1738212300.0,11.52
1738213200.0,11.5
1738214100.0,11.6
1738215000.0,11.57
1738215900.0,11.6
1738216800.0,11.42
1738217700.0,11.58
1738218600.0,11.5
1738219500.0,11.61
1738220400.0,11.56
1738221300.0,11.51
1738222200.0,11.44
1738223100.0,11.56
1738224000.0,11.58
1738224900.0,11.58
1738225800.0,11.55
1738226700.0,11.5
1738227600.0,11.66
1738228500.0,11.54
1738229400.0,11.6
1738230300.0,11.5
1738231200.0,11.62
1738232100.0,11.57
1738233000.0,11.57
1738233900.0,11.57
1738234800.0,11.59
1738235700.0,11.51
1738236600.0,11.61
1738237500.0,11.59
1738238400.0,11.59
1738239300.0,11.62
1738240200.0,11.59
1738241100.0,11.54
1738242000.0,11.65
1738242900.0,11.54
1738243800.0,11.59
1738244700.0,11.56
1738245600.0,11.52
1738246500.0,11.58
1738247400.0,11.53
1738248300.0,11.62
1738249200.0,11.52
1738250100.0,11.53
1738251000.0,11.56
1738251900.0,11.53
1738252800.0,11.49
1738253700.0,11.66
1738254600.0,11.6
1738255500.0,11.65
1738256400.0,11.6
1738257300.0,11.55
1738258200.0,11.51
1738259100.0,11.68
1738260000.0,11.53
1738260900.0,11.57
1738261800.0,11.7
1738262700.0,11.67
1738263600.0,11.59
1738264500.0,11.57
1738265400.0,11.6
1738266300.0,11.6
1738267200.0,11.49
1738268100.0,11.59
1738269000.0,11.53
1738269900.0,11.58
1738270800.0,11.55
1738271700.0,11.56
1738272600.0,11.49
1738273500.0,11.57
1738274400.0,11.67
1738275300.0,11.64
1738276200.0,11.62
1738277100.0,11.57
1738278000.0,11.54
1738278900.0,11.54
1738279800.0,11.58
1738280700.0,11.6
1738281600.0,11.61
1738282500.0,11.58
1738283400.0,11.54
1738284300.0,11.55
1738285200.0,11.56
1738286100.0,11.58
1738287000.0,11.6
1738287900.0,11.62
1738288800.0,11.6
1738289700.0,11.6
1738290600.0,11.55
1738291500.0,11.59
1738292400.0,11.63
1738293300.0,11.51
1738294200.0,11.52
1738295100.0,11.67
1738296000.0,11.62
1738296900.0,11.54
1738297800.0,11.61
1738298700.0,11.51
1738299600.0,11.57
1738300500.0,11.61
1738301400.0,11.65
1738302300.0,11.62
1738303200.0,11.48
1738304100.0,11.49
1738305000.0,11.6
1738305900.0,11.55
1738306800.0,11.58
1738307700.0,11.61
1738308600.0,11.63
1738309500.0,11.49
1738310400.0,11.65
1738311300.0,11.59
1738312200.0,11.54
1738313100.0,11.55
1738314000.0,11.47
1738314900.0,11.63
1738315800.0,11.6
1738316700.0,11.61
1738317600.0,11.54
1738318500.0,11.61
1738319400.0,11.63
1738320300.0,11.58
1738321200.0,11.57
1738322100.0,11.55
1738323000.0,11.59
1738323900.0,11.59
1738324800.0,11.55
1738325700.0,11.61
1738326600.0,11.5
1738327500.0,11.53
1738328400.0,11.63
1738329300.0,11.65
1738330200.0,11.56
1738331100.0,11.54
1738332000.0,11.53
1738332900.0,11.58
1738333800.0,11.55
1738334700.0,11.64
1738335600.0,11.59
1738336500.0,11.52
1738337400.0,11.59
1738338300.0,11.57
1738339200.0,11.6
1738340100.0,11.57
1738341000.0,11.64
1738341900.0,11.62
1738342800.0,11.6
1738343700.0,11.59
1738344600.0,11.57
1738345500.0,11.52
1738346400.0,11.56
1738347300.0,11.65
1738348200.0,11.58
1738349100.0,11.63
1738350000.0,11.55
1738350900.0,11.53
1738351800.0,11.6
1738352700.0,11.55
1738353600.0,11.53
1738354500.0,11.58
1738355400.0,11.53
1738356300.0,11.57
1738357200.0,11.58
1738358100.0,11.53
1738359000.0,11.52
1738359900.0,11.55
1738360800.0,11.53
1738361700.0,11.56
1738362600.0,11.57
1738363500.0,11.59
1738364400.0,11.63
1738365300.0,11.51
1738366200.0,11.53
1738367100.0,11.54
1738368000.0,11.53
1738368900.0,11.59
1738369800.0,11.52
1738370700.0,11.45
1738371600.0,11.58
1738372500.0,11.61
1738373400.0,11.61
1738374300.0,11.58
1738375200.0,11.62
1738376100.0,11.49
1738377000.0,11.52
1738377900.0,11.54
1738378800.0,11.57
1738379700.0,11.51
1738380600.0,11.61
1738381500.0,11.48
1738382400.0,11.54
1738383300.0,11.59
1738384200.0,11.64
1738385100.0,11.57
1738386000.0,11.59
1738386900.0,11.61
1738387800.0,11.6
1738388700.0,11.53
1738389600.0,11.54
1738390500.0,11.53
1738391400.0,11.56
1738392300.0,11.56
1738393200.0,11.47
1738394100.0,11.61
1738395000.0,11.61
1738395900.0,11.61
1738396800.0,11.61
1738397700.0,11.58
1738398600.0,11.55
1738399500.0,11.62
1738400400.0,11.52
1738401300.0,11.56
1738402200.0,11.53
1738403100.0,11.54
1738404000.0,11.58
1738404900.0,11.55
1738405800.0,11.53
1738406700.0,11.55
1738407600.0,11.51
1738408500.0,11.51
1738409400.0,11.55
1738410300.0,11.66
1738411200.0,11.53
1738412100.0,11.6
1738413000.0,11.57
1738413900.0,11.6
1738414800.0,11.6
1738415700.0,11.52
1738416600.0,11.52
1738417500.0,11.52
1738418400.0,11.64
1738419300.0,11.55
1738420200.0,11.57
1738421100.0,11.52
1738422000.0,11.43
1738422900.0,11.52
1738423800.0,11.47
1738424700.0,11.49
1738425600.0,11.48
1738426500.0,11.44
1738427400.0,11.59
1738428300.0,11.57
1738429200.0,11.65
1738430100.0,11.63
1738431000.0,11.55
1738431900.0,11.54
1738432800.0,11.55
1738433700.0,11.55
1738434600.0,11.54
1738435500.0,11.55
1738436400.0,11.58
1738437300.0,11.57
1738438200.0,11.45
1738439100.0,11.43
1738440000.0,11.61
1738440900.0,11.54
1738441800.0,11.56
1738442700.0,11.69
1738443600.0,11.58
1738444500.0,11.53
1738445400.0,11.56
1738446300.0,11.56
1738447200.0,11.58
1738448100.0,11.54
1738449000.0,11.63
1738449900.0,11.53
1738450800.0,11.51
1738451700.0,11.53
1738452600.0,11.56
1738453500.0,11.59
1738454400.0,11.59
1738455300.0,11.55
1738456200.0,11.51
1738457100.0,11.67
1738458000.0,11.53
1738458900.0,11.49
1738459800.0,11.6
1738460700.0,11.51
1738461600.0,11.52
1738462500.0,11.51
1738463400.0,11.56
1738464300.0,11.6
1738465200.0,11.52
1738466100.0,11.53
1738467000.0,11.59
1738467900.0,11.6
1738468800.0,11.51
1738469700.0,11.55
1738470600.0,11.62
1738471500.0,11.58
1738472400.0,11.55
1738473300.0,11.57
1738474200.0,11.55
1738475100.0,11.57
1738476000.0,11.53
1738476900.0,11.52
1738477800.0,11.5
1738478700.0,11.64
1738479600.0,11.49
1738480500.0,11.61
1738481400.0,11.51
1738482300.0,11.48
1738483200.0,11.49
1738484100.0,11.62
1738485000.0,11.54
1738485900.0,11.52
1738486800.0,11.48
1738487700.0,11.5
1738488600.0,11.53
1738489500.0,11.62
1738490400.0,11.49
1738491300.0,11.64
1738492200.0,11.59
1738493100.0,11.43
1738494000.0,11.63
1738494900.0,11.58
1738495800.0,11.45
1738496700.0,11.54
1738497600.0,11.6
1738498500.0,11.52
1738499400.0,11.62
1738500300.0,11.57
1738501200.0,11.61
1738502100.0,11.62
1738503000.0,11.5
1738503900.0,11.45
1738504800.0,11.62
1738505700.0,11.5
1738506600.0,11.52
1738507500.0,11.54
1738508400.0,11.53
1738509300.0,11.57
1738510200.0,11.48
1738511100.0,11.64
1738512000.0,11.54
1738512900.0,11.51
1738513800.0,11.52
1738514700.0,11.57
1738515600.0,11.59
1738516500.0,11.55
1738517400.0,11.52
1738518300.0,11.56
1738519200.0,11.64
1738520100.0,11.61
1738521000.0,11.5
1738521900.0,11.54
1738522800.0,11.47
1738523700.0,11.51
1738524600.0,11.45
1738525500.0,11.54
1738526400.0,11.49
1738527300.0,11.52
1738528200.0,11.56
1738529100.0,11.47
1738530000.0,11.48
1738530900.0,11.65
1738531800.0,11.53
1738532700.0,11.5
1738533600.0,11.57
1738534500.0,11.52
1738535400.0,11.5
1738536300.0,11.55
