1738141200.0,48.52,25.78
1738142100.0,57.78,-3.76
1738143000.0,42.57,19.19
1738143900.0,49.84,11.79
1738144800.0,60.84,3.33
1738145700.0,55.69,5.94
1738146600.0,50.4,28.56
1738147500.0,53.66,26.1
1738148400.0,79.07,16.1
1738149300.0,50.15,16.57
1738150200.0,50.2,4.93
1738151100.0,37.98,21.13
1738152000.0,69.55,8.94
1738152900.0,54.4,5.9
1738153800.0,60.71,8.57
1738154700.0,49.06,12.08
1738155600.0,29.5,8.62
1738156500.0,43.01,14.64
1738157400.0,67.4,0.96
1738158300.0,62.51,6.18
1738159200.0,41.1,22.51
1738160100.0,41.99,19.62
1738161000.0,56.72,31.72
1738161900.0,56.62,-0.21
1738162800.0,55.11,19.26
1738163700.0,43.79,26.19
1738164600.0,37.28,24.6
1738165500.0,48.94,9.74
1738166400.0,50.98,25.41
1738167300.0,45.98,12.52
1738168200.0,32.55,9.76
1738169100.0,57.49,15.69
1738170000.0,51.79,10.18
1738170900.0,66.16,7.03
1738171800.0,45.39,13.56
1738172700.0,43.81,15.73
1738173600.0,60.43,12.75
1738174500.0,52.84,22.16
1738175400.0,45.13,3.57
1738176300.0,40.79,20.33
1738177200.0,60.99,21.58
1738178100.0,46.83,37.68
1738179000.0,47.06,23.55
1738179900.0,56.08,-0.27
1738180800.0,45.63,22.68
1738181700.0,44.6,31.3
1738182600.0,45.79,21.98
1738183500.0,55.96,-1.04
1738184400.0,61.54,26.52
1738185300.0,44.91,11.17
1738186200.0,73.24,-6.24
1738187100.0,39.37,6.68
1738188000.0,35.05,18.59
1738188900.0,44.34,25.76
1738189800.0,56.05,15.26
1738190700.0,36.62,17.1
1738191600.0,35.06,13.58
1738192500.0,50.64,9.87
1738193400.0,57.31,11.37
1738194300.0,46.2,10.92
1738195200.0,45.18,5.66
1738196100.0,47.1,14.6
1738197000.0,42.36,28.21
1738197900.0,37.14,13.64
1738198800.0,63.56,30.22
1738199700.0,45.42,5.86
1738200600.0,49.95,21.95
1738201500.0,40.52,22.07
1738202400.0,45.29,17.87
1738203300.0,70.74,28.23
1738204200.0,43.6,25.25
1738205100.0,48.35,11.04
1738206000.0,47.96,19.55
1738206900.0,56.7,6.34
1738207800.0,41.31,21.44
1738208700.0,41.56,22.13
1738209600.0,51.02,6.82
1738210500.0,46.08,27.47
1738211400.0,50.7,13.91
1738212300.0,42.0,22.61
1738213200.0,56.13,12.98
1738214100.0,51.76,20.01
1738215000.0,64.36,16.96
1738215900.0,34.37,22.51
1738216800.0,56.61,10.78
1738217700.0,51.9,-7.11
1738218600.0,73.63,33.22
1738219500.0,36.13,7.76
1738220400.0,37.09,3.94
1738221300.0,43.56,-0.88
1738222200.0,36.22,14.28
1738223100.0,46.66,33.86
1738224000.0,44.14,8.26
1738224900.0,29.02,25.18
1738225800.0,28.99,9.28
1738226700.0,50.66,9.12
1738227600.0,50.82,34.62
1738228500.0,53.88,35.27
1738229400.0,60.52,24.04
1738230300.0,38.6,8.62
1738231200.0,40.72,7.96
1738232100.0,55.11,15.29
1738233000.0,35.39,24.32
1738233900.0,53.59,26.31
1738234800.0,48.67,18.36
1738235700.0,44.34,36.53
1738236600.0,32.16,29.8
1738237500.0,28.37,21.28
1738238400.0,53.23,20.46
1738239300.0,65.83,4.08
1738240200.0,47.24,15.41
1738241100.0,38.71,20.06
1738242000.0,50.62,15.16
1738242900.0,43.09,8.66
1738243800.0,52.84,21.84
1738244700.0,54.76,19.29
1738245600.0,38.78,-2.97
1738246500.0,43.39,21.51
1738247400.0,51.08,4.45
1738248300.0,41.29,24.49
1738249200.0,66.98,6.43
1738250100.0,57.61,32.3
1738251000.0,39.15,27.0
1738251900.0,58.77,13.86
1738252800.0,44.85,25.18
1738253700.0,49.38,12.23
1738254600.0,48.72,2.83
1738255500.0,39.55,24.47
1738256400.0,58.97,18.16
1738257300.0,46.76,-0.36
1738258200.0,42.05,12.97
1738259100.0,71.04,26.98
1738260000.0,32.95,12.33
1738260900.0,38.12,-3.33
1738261800.0,44.71,4.36
1738262700.0,38.9,20.89
1738263600.0,39.92,20.82
1738264500.0,56.37,8.91
1738265400.0,43.57,19.2
1738266300.0,54.87,3.3
1738267200.0,65.09,21.92
1738268100.0,44.25,24.07
1738269000.0,34.9,28.67
1738269900.0,44.95,20.02
1738270800.0,33.28,26.21
1738271700.0,63.38,-1.81
1738272600.0,53.05,10.25
1738273500.0,50.59,28.37
1738274400.0,57.9,5.87
1738275300.0,48.84,35.52
1738276200.0,49.74,0.96
1738277100.0,52.65,30.21
1738278000.0,25.64,17.46
1738278900.0,60.33,10.5
1738279800.0,47.32,20.0
1738280700.0,46.18,19.32
1738281600.0,48.65,4.96
1738282500.0,54.5,35.85
1738283400.0,49.46,31.89
1738284300.0,61.42,15.85
1738285200.0,59.88,15.39
1738286100.0,50.49,24.46
1738287000.0,60.44,20.06
1738287900.0,50.37,20.8
1738288800.0,52.02,15.81
1738289700.0,62.34,-9.48
1738290600.0,58.44,16.59
1738291500.0,58.89,13.93
1738292400.0,55.26,4.66
1738293300.0,58.54,5.1
1738294200.0,56.58,22.78
1738295100.0,62.88,23.25
1738296000.0,50.19,5.73
1738296900.0,53.47,13.38
1738297800.0,42.91,12.69
1738298700.0,41.92,3.41
1738299600.0,43.11,1.29
1738300500.0,52.56,8.4
1738301400.0,60.61,30.33
1738302300.0,32.82,-0.5
1738303200.0,36.81,17.85
1738304100.0,48.27,19.98
1738305000.0,54.35,-1.55
1738305900.0,54.47,-2.27
1738306800.0,26.46,22.54
1738307700.0,38.22,13.45
1738308600.0,57.37,16.39
1738309500.0,42.3,31.55
1738310400.0,53.84,8.11
1738311300.0,44.6,22.45
1738312200.0,38.22,23.78
1738313100.0,38.35,17.26
1738314000.0,55.54,-6.15
1738314900.0,52.26,5.09
1738315800.0,44.07,37.55
1738316700.0,52.25,18.55
1738317600.0,45.13,11.83
1738318500.0,47.79,18.28
1738319400.0,51.88,15.8
1738320300.0,34.08,14.0
1738321200.0,70.78,16.55
1738322100.0,54.29,12.09
1738323000.0,52.97,28.34
1738323900.0,45.87,17.43
1738324800.0,49.62,9.13
1738325700.0,44.74,13.17
1738326600.0,48.88,-0.67
1738327500.0,49.3,31.14
1738328400.0,58.25,22.43
1738329300.0,64.3,20.3
1738330200.0,52.03,13.58
1738331100.0,44.82,24.75
1738332000.0,48.99,1.48
1738332900.0,57.46,-1.3
1738333800.0,41.07,2.06
1738334700.0,70.22,5.18
1738335600.0,54.33,11.76
1738336500.0,34.34,4.98
1738337400.0,38.94,24.35
1738338300.0,54.02,23.26
1738339200.0,42.66,14.8
1738340100.0,45.02,17.64
1738341000.0,34.33,3.13
1738341900.0,31.11,11.82
1738342800.0,30.26,16.11
1738343700.0,42.59,18.13
1738344600.0,60.6,20.71
1738345500.0,43.55,17.03
1738346400.0,50.78,7.48
1738347300.0,56.82,21.93
1738348200.0,71.35,10.98
1738349100.0,34.44,16.96
1738350000.0,36.65,16.22
1738350900.0,63.63,23.12
1738351800.0,30.52,16.74
1738352700.0,56.5,7.05
1738353600.0,81.89,17.62
1738354500.0,51.24,8.06
1738355400.0,58.56,8.18
1738356300.0,68.45,13.92
1738357200.0,50.27,11.22
1738358100.0,52.43,26.15
1738359000.0,58.13,8.26
1738359900.0,49.48,13.08
1738360800.0,53.55,21.67
1738361700.0,52.04,10.45
1738362600.0,50.2,18.66
1738363500.0,28.46,30.97
1738364400.0,56.71,19.06
1738365300.0,51.86,13.65
1738366200.0,58.55,13.8
1738367100.0,63.44,17.97
1738368000.0,50.05,-0.89
1738368900.0,36.11,20.43
1738369800.0,55.94,5.71
1738370700.0,54.56,15.91
1738371600.0,49.13,27.68
1738372500.0,38.39,7.55
1738373400.0,65.04,19.73
1738374300.0,46.68,4.47
1738375200.0,41.04,13.87
1738376100.0,44.49,21.98
1738377000.0,37.56,13.56
1738377900.0,52.93,19.9
1738378800.0,54.94,20.28
1738379700.0,48.65,18.42
1738380600.0,41.8,11.93
1738381500.0,42.75,23.92
1738382400.0,50.41,28.59
1738383300.0,39.53,11.28
1738384200.0,59.34,34.4
1738385100.0,26.37,25.22
1738386000.0,32.82,24.57
1738386900.0,38.4,22.09
1738387800.0,37.62,5.39
1738388700.0,57.71,5.88
1738389600.0,62.89,17.42
1738390500.0,37.8,3.6
1738391400.0,50.06,7.62
1738392300.0,69.68,33.29
1738393200.0,54.92,32.68
1738394100.0,54.85,26.29
1738395000.0,39.7,24.78
1738395900.0,44.82,18.46
1738396800.0,59.63,18.57
1738397700.0,41.47,20.06
1738398600.0,52.64,37.63
1738399500.0,54.38,36.59
1738400400.0,44.69,16.51
1738401300.0,42.59,-3.24
1738402200.0,50.57,20.49
1738403100.0,35.93,7.89
1738404000.0,50.41,16.85
1738404900.0,58.46,5.67
1738405800.0,47.1,4.27
1738406700.0,35.23,11.82
1738407600.0,67.18,0.13
1738408500.0,72.09,18.07
1738409400.0,72.8,-2.7
1738410300.0,49.64,24.91
1738411200.0,52.9,21.66
1738412100.0,43.95,19.3
1738413000.0,50.92,24.28
1738413900.0,51.88,9.38
1738414800.0,39.02,21.48
1738415700.0,41.19,12.49
1738416600.0,51.93,13.34
1738417500.0,62.61,14.19
1738418400.0,57.19,15.75
1738419300.0,37.37,27.65
1738420200.0,59.12,11.63
1738421100.0,55.16,13.27
1738422000.0,52.45,5.93
1738422900.0,70.36,22.45
1738423800.0,55.79,22.62
1738424700.0,55.16,-4.19
1738425600.0,62.55,3.12
1738426500.0,56.53,18.06
1738427400.0,33.66,5.23
1738428300.0,40.36,8.7
1738429200.0,48.55,27.02
1738430100.0,69.97,16.84
1738431000.0,57.2,17.41
1738431900.0,59.94,12.16
1738432800.0,33.8,25.72
1738433700.0,34.51,15.41
1738434600.0,54.42,4.88
1738435500.0,24.56,20.16
1738436400.0,50.29,12.56
1738437300.0,63.89,14.76
1738438200.0,73.79,10.94
1738439100.0,66.7,15.59
1738440000.0,54.43,4.86
1738440900.0,57.2,18.32
1738441800.0,52.17,11.3
1738442700.0,63.75,17.11
1738443600.0,43.6,12.43
1738444500.0,35.1,18.02
1738445400.0,34.83,0.94
1738446300.0,45.29,7.56
1738447200.0,71.55,12.73
1738448100.0,36.51,-5.66
1738449000.0,56.7,21.71
1738449900.0,53.72,14.25
1738450800.0,42.47,27.19
1738451700.0,58.39,18.61
1738452600.0,43.83,17.01
1738453500.0,47.23,16.37
1738454400.0,27.01,25.39
1738455300.0,48.6,17.77
1738456200.0,53.23,-7.85
1738457100.0,58.58,17.76
1738458000.0,57.64,19.2
1738458900.0,46.66,9.46
1738459800.0,50.02,17.27
1738460700.0,48.06,6.5
1738461600.0,49.84,18.55
1738462500.0,31.35,14.91
1738463400.0,41.51,40.69
1738464300.0,68.17,12.3
1738465200.0,65.21,16.93
1738466100.0,38.52,39.56
1738467000.0,52.93,10.23
1738467900.0,40.78,18.11
1738468800.0,42.21,16.34
1738469700.0,51.77,13.58
1738470600.0,40.35,29.15
1738471500.0,48.67,21.3
1738472400.0,57.1,17.62
1738473300.0,52.83,5.02
1738474200.0,61.4,17.36
1738475100.0,47.7,28.69
1738476000.0,56.91,19.26
1738476900.0,51.16,10.39
1738477800.0,55.15,8.45
1738478700.0,51.13,11.47
1738479600.0,46.39,14.62
1738480500.0,33.6,21.65
1738481400.0,54.42,-6.8
1738482300.0,59.91,16.67
1738483200.0,37.78,26.26
1738484100.0,47.64,13.36
1738485000.0,50.14,17.69
1738485900.0,51.67,24.23
1738486800.0,57.4,18.37
1738487700.0,32.64,13.16
1738488600.0,40.36,18.93
1738489500.0,20.56,27.01
1738490400.0,48.58,30.41
1738491300.0,54.86,26.75
1738492200.0,45.74,33.26
1738493100.0,33.61,22.2
1738494000.0,57.92,10.17
1738494900.0,61.81,22.85
1738495800.0,45.38,20.73
1738496700.0,50.79,25.11
1738497600.0,38.97,33.11
1738498500.0,57.75,30.05
1738499400.0,74.21,6.66
1738500300.0,27.28,20.61
1738501200.0,34.86,34.25
1738502100.0,64.38,12.88
1738503000.0,56.86,22.51
1738503900.0,60.73,33.82
1738504800.0,39.74,-0.26
1738505700.0,61.34,38.61
1738506600.0,46.16,23.24
1738507500.0,58.91,16.85
1738508400.0,60.33,17.45
1738509300.0,45.91,27.85
1738510200.0,53.22,26.02
1738511100.0,52.77,20.6
1738512000.0,36.13,2.76
1738512900.0,51.57,18.84
1738513800.0,68.0,14.05
1738514700.0,55.48,9.36
1738515600.0,54.11,14.37
1738516500.0,52.73,9.56
1738517400.0,26.1,26.31
1738518300.0,43.96,10.54
1738519200.0,45.24,7.51
1738520100.0,55.68,12.5
1738521000.0,62.72,10.84
1738521900.0,47.07,10.42
1738522800.0,59.92,11.24
1738523700.0,45.69,33.13
1738524600.0,53.79,26.72
1738525500.0,46.58,25.88
1738526400.0,34.96,30.53
1738527300.0,55.55,8.61
1738528200.0,40.65,-3.31
1738529100.0,29.82,6.13
1738530000.0,77.44,18.78
1738530900.0,50.82,2.85
1738531800.0,62.93,-0.99
1738532700.0,57.57,21.17
1738533600.0,56.2,31.72
1738534500.0,37.32,10.13
1738535400.0,48.21,10.43
1738536300.0,52.95,35.26
