1738141200.0000
1738142100.0000
1738143000.0000
1738143900.0000
1738144800.0000
1738145700.0000
1738146600.0000
1738147500.0000
1738148400.0000
1738149300.0000
1738150200.0000
1738151100.0000
1738152000.0000
1738152900.0000
1738153800.0000
1738154700.0000
1738155600.0000
1738156500.0000
1738157400.0000
1738158300.0000
1738159200.0000
1738160100.0000
1738161000.0000
1738161900.0000
1738162800.0000
1738163700.0000
1738164600.0000
1738165500.0000
1738166400.0000
1738167300.0000
1738168200.0000
1738169100.0000
1738170000.0000
1738170900.0000
1738171800.0000
1738172700.0000
1738173600.0000
1738174500.0000
1738175400.0000
1738176300.0000
1738177200.0000
1738178100.0000
1738179000.0000
1738179900.0000
1738180800.0000
1738181700.0000
1738182600.0000
1738183500.0000
1738184400.0000
1738185300.0000
1738186200.0000
1738187100.0000
1738188000.0000
1738188900.0000
1738189800.0000
1738190700.0000
1738191600.0000
1738192500.0000
1738193400.0000
1738194300.0000
1738195200.0000
1738196100.0000
1738197000.0000
1738197900.0000
1738198800.0000
1738199700.0000
1738200600.0000
1738201500.0000
1738202400.0000
1738203300.0000
1738204200.0000
1738205100.0000
1738206000.0000
1738206900.0000
1738207800.0000
1738208700.0000
1738209600.0000
1738210500.0000
1738211400.0000
1738212300.0000
1738213200.0000
1738214100.0000
1738215000.0000
1738215900.0000
1738216800.0000
1738217700.0000
1738218600.0000
1738219500.0000
1738220400.0000
1738221300.0000
1738222200.0000
1738223100.0000
1738224000.0000
1738224900.0000
1738225800.0000
1738226700.0000
1738227600.0000
1738228500.0000
1738229400.0000
1738230300.0000
1738231200.0000
1738232100.0000
1738233000.0000
1738233900.0000
1738234800.0000
1738235700.0000
1738236600.0000
1738237500.0000
1738238400.0000
1738239300.0000
1738240200.0000
1738241100.0000
1738242000.0000
1738242900.0000
1738243800.0000
1738244700.0000
1738245600.0000
1738246500.0000
1738247400.0000
1738248300.0000
1738249200.0000
1738250100.0000
1738251000.0000
1738251900.0000
1738252800.0000
1738253700.0000
1738254600.0000
1738255500.0000
1738256400.0000
1738257300.0000
1738258200.0000
1738259100.0000
1738260000.0000
1738260900.0000
1738261800.0000
1738262700.0000
1738263600.0000
1738264500.0000
1738265400.0000
1738266300.0000
1738267200.0000
1738268100.0000
1738269000.0000
1738269900.0000
1738270800.0000
1738271700.0000
1738272600.0000
1738273500.0000
1738274400.0000
1738275300.0000
1738276200.0000
1738277100.0000
1738278000.0000
1738278900.0000
1738279800.0000
1738280700.0000
1738281600.0000
1738282500.0000
1738283400.0000
1738284300.0000
1738285200.0000
1738286100.0000
1738287000.0000
1738287900.0000
1738288800.0000
1738289700.0000
1738290600.0000
1738291500.0000
1738292400.0000
1738293300.0000
1738294200.0000
1738295100.0000
1738296000.0000
1738296900.0000
1738297800.0000
1738298700.0000
1738299600.0000
1738300500.0000
1738301400.0000
1738302300.0000
1738303200.0000
1738304100.0000
1738305000.0000
1738305900.0000
1738306800.0000
1738307700.0000
1738308600.0000
1738309500.0000
1738310400.0000
1738311300.0000
1738312200.0000
1738313100.0000
1738314000.0000
1738314900.0000
1738315800.0000
1738316700.0000
1738317600.0000
1738318500.0000
1738319400.0000
1738320300.0000
1738321200.0000
1738322100.0000
1738323000.0000
1738323900.0000
1738324800.0000
1738325700.0000
1738326600.0000
1738327500.0000
1738328400.0000
1738329300.0000
1738330200.0000
1738331100.0000
1738332000.0000
1738332900.0000
1738333800.0000
1738334700.0000
1738335600.0000
1738336500.0000
1738337400.0000
1738338300.0000
1738339200.0000
1738340100.0000
1738341000.0000
1738341900.0000
1738342800.0000
1738343700.0000
1738344600.0000
1738345500.0000
1738346400.0000
1738347300.0000
1738348200.0000
1738349100.0000
1738350000.0000
1738350900.0000
1738351800.0000
1738352700.0000
1738353600.0000
1738354500.0000
1738355400.0000
1738356300.0000
1738357200.0000
1738358100.0000
1738359000.0000
1738359900.0000
1738360800.0000
1738361700.0000
1738362600.0000
1738363500.0000
1738364400.0000
1738365300.0000
1738366200.0000
1738367100.0000
1738368000.0000
1738368900.0000
1738369800.0000
1738370700.0000
1738371600.0000
1738372500.0000
1738373400.0000
1738374300.0000
1738375200.0000
1738376100.0000
1738377000.0000
1738377900.0000
1738378800.0000
1738379700.0000
1738380600.0000
1738381500.0000
1738382400.0000
1738383300.0000
1738384200.0000
1738385100.0000
1738386000.0000
1738386900.0000
1738387800.0000
1738388700.0000
1738389600.0000
1738390500.0000
1738391400.0000
1738392300.0000
1738393200.0000
1738394100.0000
1738395000.0000
1738395900.0000
1738396800.0000
1738397700.0000
1738398600.0000
1738399500.0000
1738400400.0000
1738401300.0000
1738402200.0000
1738403100.0000
1738404000.0000
1738404900.0000
1738405800.0000
1738406700.0000
1738407600.0000
1738408500.0000
1738409400.0000
1738410300.0000
1738411200.0000
1738412100.0000
1738413000.0000
1738413900.0000
1738414800.0000
1738415700.0000
1738416600.0000
1738417500.0000
1738418400.0000
1738419300.0000
1738420200.0000
1738421100.0000
1738422000.0000
1738422900.0000
1738423800.0000
1738424700.0000
1738425600.0000
1738426500.0000
1738427400.0000
1738428300.0000
1738429200.0000
1738430100.0000
1738431000.0000
1738431900.0000
1738432800.0000
1738433700.0000
1738434600.0000
1738435500.0000
1738436400.0000
1738437300.0000
1738438200.0000
1738439100.0000
1738440000.0000
1738440900.0000
1738441800.0000
1738442700.0000
1738443600.0000
1738444500.0000
1738445400.0000
1738446300.0000
1738447200.0000
1738448100.0000
1738449000.0000
1738449900.0000
1738450800.0000
1738451700.0000
1738452600.0000
1738453500.0000
1738454400.0000
1738455300.0000
1738456200.0000
1738457100.0000
1738458000.0000
1738458900.0000
1738459800.0000
1738460700.0000
1738461600.0000
1738462500.0000
1738463400.0000
1738464300.0000
1738465200.0000
1738466100.0000
1738467000.0000
1738467900.0000
1738468800.0000
1738469700.0000
1738470600.0000
1738471500.0000
1738472400.0000
1738473300.0000
1738474200.0000
1738475100.0000
1738476000.0000
1738476900.0000
1738477800.0000
1738478700.0000
1738479600.0000
1738480500.0000
1738481400.0000
1738482300.0000
1738483200.0000
1738484100.0000
1738485000.0000
1738485900.0000
1738486800.0000
1738487700.0000
1738488600.0000
1738489500.0000
1738490400.0000
1738491300.0000
1738492200.0000
1738493100.0000
1738494000.0000
1738494900.0000
1738495800.0000
1738496700.0000
1738497600.0000
1738498500.0000
1738499400.0000
1738500300.0000
1738501200.0000
1738502100.0000
1738503000.0000
1738503900.0000
1738504800.0000
1738505700.0000
1738506600.0000
1738507500.0000
1738508400.0000
1738509300.0000
1738510200.0000
1738511100.0000
1738512000.0000
1738512900.0000
1738513800.0000
1738514700.0000
1738515600.0000
1738516500.0000
1738517400.0000
1738518300.0000
1738519200.0000
1738520100.0000
1738521000.0000
1738521900.0000
1738522800.0000
1738523700.0000
1738524600.0000
1738525500.0000
1738526400.0000
1738527300.0000
1738528200.0000
1738529100.0000
1738530000.0000
1738530900.0000
1738531800.0000
1738532700.0000
1738533600.0000
1738534500.0000
1738535400.0000
1738536300.0000
